  1.6950852E-03
  1.6935302E-03
  1.6926923E-03
  1.6924792E-03
  1.6928095E-03
  1.6936215E-03
  1.6948273E-03
  1.6963739E-03
  1.6981828E-03
  1.7001983E-03
  1.7023647E-03
  1.7046259E-03
  1.7069262E-03
  1.7092237E-03
  1.7114787E-03
  1.7136494E-03
  1.7157033E-03
  1.7176046E-03
  1.7193320E-03
  1.7208552E-03
  1.7221589E-03
  1.7232172E-03
  1.7240227E-03
  1.7245656E-03
  1.7248387E-03
  1.7248387E-03
  1.7245656E-03
  1.7240228E-03
  1.7232173E-03
  1.7221587E-03
  1.7208552E-03
  1.7193315E-03
  1.7176046E-03
  1.7157034E-03
  1.7136495E-03
  1.7114787E-03
  1.7092236E-03
  1.7069263E-03
  1.7046259E-03
  1.7023645E-03
  1.7001982E-03
  1.6981828E-03
  1.6963738E-03
  1.6948275E-03
  1.6936217E-03
  1.6928095E-03
  1.6924792E-03
  1.6926924E-03
  1.6935302E-03
  1.6950852E-03
  8.4428041E-04
  8.4560807E-04
  8.4889540E-04
  8.5386302E-04
  8.6023606E-04
  8.6776039E-04
  8.7618222E-04
  8.8527950E-04
  8.9483464E-04
  9.0465706E-04
  9.1457361E-04
  9.2442567E-04
  9.3408121E-04
  9.4340870E-04
  9.5229846E-04
  9.6065295E-04
  9.6838962E-04
  9.7543251E-04
  9.8172284E-04
  9.8720461E-04
  9.9183642E-04
  9.9559163E-04
  9.9843228E-04
  1.0003374E-03
  1.0012931E-03
  1.0012931E-03
  1.0003372E-03
  9.9843228E-04
  9.9559163E-04
  9.9183654E-04
  9.8720461E-04
  9.8172284E-04
  9.7543257E-04
  9.6838962E-04
  9.6065277E-04
  9.5229840E-04
  9.4340858E-04
  9.3408121E-04
  9.2442572E-04
  9.1457367E-04
  9.0465700E-04
  8.9483464E-04
  8.8527956E-04
  8.7618222E-04
  8.6776039E-04
  8.6023600E-04
  8.5386302E-04
  8.4889535E-04
  8.4560813E-04
  8.4428035E-04
  8.4066641E-04
  8.4440463E-04
  8.5191458E-04
  8.6259586E-04
  8.7586447E-04
  8.9117850E-04
  9.0801046E-04
  9.2590955E-04
  9.4445818E-04
  9.6328300E-04
  9.8207651E-04
  1.0005615E-03
  1.0184764E-03
  1.0356389E-03
  1.0518760E-03
  1.0670250E-03
  1.0809731E-03
  1.0936117E-03
  1.1048411E-03
  1.1145974E-03
  1.1228230E-03
  1.1294396E-03
  1.1344372E-03
  1.1377886E-03
  1.1394620E-03
  1.1394620E-03
  1.1377888E-03
  1.1344370E-03
  1.1294396E-03
  1.1228230E-03
  1.1145975E-03
  1.1048411E-03
  1.0936116E-03
  1.0809731E-03
  1.0670249E-03
  1.0518760E-03
  1.0356390E-03
  1.0184766E-03
  1.0005614E-03
  9.8207640E-04
  9.6328306E-04
  9.4445818E-04
  9.2590932E-04
  9.0801046E-04
  8.9117838E-04
  8.7586459E-04
  8.6259586E-04
  8.5191452E-04
  8.4440457E-04
  8.4066641E-04
  8.3736179E-04
  8.4421271E-04
  8.5720938E-04
  8.7527244E-04
  8.9733797E-04
  9.2242192E-04
  9.4963802E-04
  9.7821583E-04
  1.0074867E-03
  1.0368892E-03
  1.0659529E-03
  1.0942834E-03
  1.1215514E-03
  1.1474851E-03
  1.1718599E-03
  1.1944870E-03
  1.2152127E-03
  1.2339059E-03
  1.2504646E-03
  1.2647999E-03
  1.2768446E-03
  1.2865419E-03
  1.2938501E-03
  1.2987393E-03
  1.3011885E-03
  1.3011886E-03
  1.2987391E-03
  1.2938504E-03
  1.2865420E-03
  1.2768448E-03
  1.2647999E-03
  1.2504646E-03
  1.2339058E-03
  1.2152127E-03
  1.1944871E-03
  1.1718599E-03
  1.1474851E-03
  1.1215514E-03
  1.0942833E-03
  1.0659531E-03
  1.0368892E-03
  1.0074866E-03
  9.7821583E-04
  9.4963808E-04
  9.2242187E-04
  8.9733803E-04
  8.7527256E-04
  8.5720920E-04
  8.4421271E-04
  8.3736179E-04
  8.3494943E-04
  8.4551424E-04
  8.6512871E-04
  8.9201197E-04
  9.2443824E-04
  9.6085138E-04
  9.9989353E-04
  1.0404303E-03
  1.0815245E-03
  1.1224316E-03
  1.1625324E-03
  1.2013291E-03
  1.2384544E-03
  1.2735614E-03
  1.3063895E-03
  1.3367437E-03
  1.3644388E-03
  1.3893327E-03
  1.4113330E-03
  1.4303303E-03
  1.4462541E-03
  1.4590791E-03
  1.4687298E-03
  1.4751748E-03
  1.4784106E-03
  1.4784106E-03
  1.4751749E-03
  1.4687298E-03
  1.4590791E-03
  1.4462542E-03
  1.4303304E-03
  1.4113332E-03
  1.3893327E-03
  1.3644386E-03
  1.3367437E-03
  1.3063893E-03
  1.2735614E-03
  1.2384545E-03
  1.2013289E-03
  1.1625323E-03
  1.1224316E-03
  1.0815244E-03
  1.0404304E-03
  9.9989341E-04
  9.6085144E-04
  9.2443824E-04
  8.9201209E-04
  8.6512865E-04
  8.4551435E-04
  8.3494943E-04
