 -0.9799993      3.7025011E-03 -2.0819966E-02
 -0.9399980      1.0956218E-02 -2.0821020E-02
 -0.8999969      1.7907605E-02 -2.0822056E-02
 -0.8599959      2.4556901E-02 -2.0823050E-02
 -0.8199950      3.0903848E-02 -2.0824000E-02
 -0.7799944      3.6948472E-02 -2.0824911E-02
 -0.7399939      4.2690787E-02 -2.0825781E-02
 -0.6999935      4.8130799E-02 -2.0826608E-02
 -0.6599932      5.3268511E-02 -2.0827373E-02
 -0.6199931      5.8103949E-02 -2.0828119E-02
 -0.5799930      6.2637106E-02 -2.0828802E-02
 -0.5399930      6.6867970E-02 -2.0829443E-02
 -0.4999932      7.0796825E-02 -2.0830026E-02
 -0.4599935      7.4423432E-02 -2.0830572E-02
 -0.4199938      7.7747785E-02 -2.0831069E-02
 -0.3799942      8.0769874E-02 -2.0831505E-02
 -0.3399946      8.3489724E-02 -2.0831907E-02
 -0.2999951      8.5907318E-02 -2.0832263E-02
 -0.2599957      8.8022687E-02 -2.0832574E-02
 -0.2199963      8.9835815E-02 -2.0832837E-02
 -0.1799969      9.1346718E-02 -2.0833060E-02
 -0.1399976      9.2555627E-02 -2.0833233E-02
 -9.9998243E-02  9.3462318E-02 -2.0833364E-02
 -5.9998948E-02  9.4066776E-02 -2.0833449E-02
 -1.9999642E-02  9.4369009E-02 -2.0833496E-02
  1.9999640E-02  9.4369009E-02 -2.0833496E-02
  5.9998948E-02  9.4066769E-02 -2.0833449E-02
  9.9998243E-02  9.3462318E-02 -2.0833362E-02
  0.1399976      9.2555627E-02 -2.0833233E-02
  0.1799969      9.1346711E-02 -2.0833060E-02
  0.2199963      8.9835815E-02 -2.0832835E-02
  0.2599957      8.8022687E-02 -2.0832576E-02
  0.2999951      8.5907333E-02 -2.0832265E-02
  0.3399946      8.3489724E-02 -2.0831907E-02
  0.3799942      8.0769867E-02 -2.0831505E-02
  0.4199938      7.7747785E-02 -2.0831069E-02
  0.4599935      7.4423432E-02 -2.0830572E-02
  0.4999932      7.0796832E-02 -2.0830028E-02
  0.5399930      6.6867970E-02 -2.0829443E-02
  0.5799930      6.2637106E-02 -2.0828802E-02
  0.6199930      5.8103945E-02 -2.0828119E-02
  0.6599932      5.3268511E-02 -2.0827373E-02
  0.6999935      4.8130799E-02 -2.0826608E-02
  0.7399939      4.2690791E-02 -2.0825781E-02
  0.7799944      3.6948469E-02 -2.0824911E-02
  0.8199950      3.0903852E-02 -2.0824000E-02
  0.8599958      2.4556885E-02 -2.0823047E-02
  0.8999969      1.7907605E-02 -2.0822054E-02
  0.9399980      1.0956215E-02 -2.0821020E-02
  0.9799993      3.7025001E-03 -2.0819964E-02
 -0.9799955      3.2131383E-03 -5.2076105E-02
 -0.9399874      9.5079392E-03 -5.2076723E-02
 -0.8999805      1.5540161E-02 -5.2077334E-02
 -0.8599747      2.1310022E-02 -5.2077934E-02
 -0.8199702      2.6817344E-02 -5.2078512E-02
 -0.7799667      3.2062177E-02 -5.2079059E-02
 -0.7399642      3.7044521E-02 -5.2079584E-02
 -0.6999626      4.1764468E-02 -5.2080065E-02
 -0.6599618      4.6222001E-02 -5.2080516E-02
 -0.6199616      5.0417207E-02 -5.2080926E-02
 -0.5799622      5.4350071E-02 -5.2081294E-02
 -0.5399632      5.8020636E-02 -5.2081626E-02
 -0.4999646      6.1429188E-02 -5.2081928E-02
 -0.4599665      6.4575456E-02 -5.2082196E-02
 -0.4199686      6.7459494E-02 -5.2082434E-02
 -0.3799711      7.0081294E-02 -5.2082639E-02
 -0.3399736      7.2440863E-02 -5.2082818E-02
 -0.2999764      7.4538223E-02 -5.2082982E-02
 -0.2599793      7.6373369E-02 -5.2083112E-02
 -0.2199824      7.7946305E-02 -5.2083228E-02
 -0.1799854      7.9257049E-02 -5.2083317E-02
 -0.1399886      8.0305837E-02 -5.2083392E-02
 -9.9991836E-02  8.1092425E-02 -5.2083444E-02
 -5.9995059E-02  8.1616811E-02 -5.2083477E-02
 -1.9998375E-02  8.1879012E-02 -5.2083496E-02
  1.9998375E-02  8.1879005E-02 -5.2083496E-02
  5.9995055E-02  8.1616811E-02 -5.2083481E-02
  9.9991836E-02  8.1092425E-02 -5.2083448E-02
  0.1399886      8.0305837E-02 -5.2083392E-02
  0.1799854      7.9257041E-02 -5.2083317E-02
  0.2199824      7.7946305E-02 -5.2083228E-02
  0.2599793      7.6373369E-02 -5.2083112E-02
  0.2999764      7.4538231E-02 -5.2082986E-02
  0.3399736      7.2440863E-02 -5.2082818E-02
  0.3799710      7.0081294E-02 -5.2082639E-02
  0.4199686      6.7459501E-02 -5.2082434E-02
  0.4599665      6.4575456E-02 -5.2082192E-02
  0.4999646      6.1429191E-02 -5.2081928E-02
  0.5399632      5.8020640E-02 -5.2081626E-02
  0.5799622      5.4350071E-02 -5.2081294E-02
  0.6199616      5.0417207E-02 -5.2080926E-02
  0.6599618      4.6222001E-02 -5.2080516E-02
  0.6999626      4.1764464E-02 -5.2080061E-02
  0.7399642      3.7044518E-02 -5.2079584E-02
  0.7799667      3.2062169E-02 -5.2079059E-02
  0.8199701      2.6817344E-02 -5.2078512E-02
  0.8599747      2.1310011E-02 -5.2077930E-02
  0.8999805      1.5540162E-02 -5.2077334E-02
  0.9399875      9.5079402E-03 -5.2076723E-02
  0.9799955      3.2131381E-03 -5.2076105E-02
 -0.9799912      2.5603333E-03 -7.2908178E-02
 -0.9399753      7.5760726E-03 -7.2908916E-02
 -0.8999621      1.2382239E-02 -7.2909668E-02
 -0.8599516      1.6979173E-02 -7.2910413E-02
 -0.8199435      2.1366684E-02 -7.2911128E-02
 -0.7799380      2.5544764E-02 -7.2911814E-02
 -0.7399346      2.9513791E-02 -7.2912440E-02
 -0.6999329      3.3273555E-02 -7.2913006E-02
 -0.6599327      3.6824126E-02 -7.2913513E-02
 -0.6199337      4.0165827E-02 -7.2913967E-02
 -0.5799356      4.3298449E-02 -7.2914369E-02
 -0.5399384      4.6222016E-02 -7.2914720E-02
 -0.4999417      4.8937086E-02 -7.2915033E-02
 -0.4599454      5.1443163E-02 -7.2915293E-02
 -0.4199496      5.3740267E-02 -7.2915524E-02
 -0.3799540      5.5828653E-02 -7.2915725E-02
 -0.3399585      5.7708092E-02 -7.2915897E-02
 -0.2999631      5.9378583E-02 -7.2916046E-02
 -0.2599680      6.0840383E-02 -7.2916165E-02
 -0.2199728      6.2093247E-02 -7.2916262E-02
 -0.1799777      6.3137174E-02 -7.2916351E-02
 -0.1399827      6.3972652E-02 -7.2916411E-02
 -9.9987559E-02  6.4599209E-02 -7.2916448E-02
 -5.9992582E-02  6.5016821E-02 -7.2916485E-02
 -1.9997526E-02  6.5225758E-02 -7.2916500E-02
  1.9997526E-02  6.5225758E-02 -7.2916500E-02
  5.9992578E-02  6.5016821E-02 -7.2916478E-02
  9.9987559E-02  6.4599209E-02 -7.2916456E-02
  0.1399827      6.3972652E-02 -7.2916403E-02
  0.1799777      6.3137174E-02 -7.2916351E-02
  0.2199728      6.2093243E-02 -7.2916262E-02
  0.2599680      6.0840383E-02 -7.2916165E-02
  0.2999632      5.9378587E-02 -7.2916038E-02
  0.3399585      5.7708088E-02 -7.2915897E-02
  0.3799540      5.5828653E-02 -7.2915725E-02
  0.4199496      5.3740263E-02 -7.2915524E-02
  0.4599454      5.1443163E-02 -7.2915286E-02
  0.4999418      4.8937082E-02 -7.2915025E-02
  0.5399384      4.6222020E-02 -7.2914720E-02
  0.5799356      4.3298449E-02 -7.2914369E-02
  0.6199337      4.0165827E-02 -7.2913967E-02
  0.6599327      3.6824126E-02 -7.2913505E-02
  0.6999329      3.3273552E-02 -7.2912998E-02
  0.7399346      2.9513791E-02 -7.2912440E-02
  0.7799380      2.5544764E-02 -7.2911814E-02
  0.8199435      2.1366680E-02 -7.2911128E-02
  0.8599516      1.6979162E-02 -7.2910413E-02
  0.8999621      1.2382245E-02 -7.2909668E-02
  0.9399753      7.5760754E-03 -7.2908916E-02
  0.9799912      2.5603345E-03 -7.2908178E-02
 -0.9799854      1.6893679E-03 -9.3744390E-02
 -0.9399592      4.9986476E-03 -9.3745060E-02
 -0.8999381      8.1693241E-03 -9.3745776E-02
 -0.8599221      1.1201806E-02 -9.3746483E-02
 -0.8199112      1.4095878E-02 -9.3747169E-02
 -0.7799044      1.6851664E-02 -9.3747787E-02
 -0.7399011      1.9469514E-02 -9.3748346E-02
 -0.6999006      2.1949118E-02 -9.3748845E-02
 -0.6599022      2.4290556E-02 -9.3749270E-02
 -0.6199054      2.6494419E-02 -9.3749650E-02
 -0.5799097      2.8560231E-02 -9.3749955E-02
 -0.5399148      3.0488031E-02 -9.3750238E-02
 -0.4999205      3.2278854E-02 -9.3750469E-02
 -0.4599266      3.3931691E-02 -9.3750663E-02
 -0.4199329      3.5446588E-02 -9.3750834E-02
 -0.3799393      3.6824029E-02 -9.3750976E-02
 -0.3399457      3.8063522E-02 -9.3751088E-02
 -0.2999522      3.9165068E-02 -9.3751192E-02
 -0.2599587      4.0129174E-02 -9.3751274E-02
 -0.2199651      4.0955339E-02 -9.3751341E-02
 -0.1799715      4.1643560E-02 -9.3751401E-02
 -0.1399779      4.2194840E-02 -9.3751438E-02
 -9.9984236E-02  4.2608168E-02 -9.3751468E-02
 -5.9990548E-02  4.2883564E-02 -9.3751490E-02
 -1.9996854E-02  4.3021504E-02 -9.3751498E-02
  1.9996854E-02  4.3021504E-02 -9.3751498E-02
  5.9990551E-02  4.2883560E-02 -9.3751490E-02
  9.9984236E-02  4.2608164E-02 -9.3751468E-02
  0.1399779      4.2194840E-02 -9.3751438E-02
  0.1799715      4.1643564E-02 -9.3751401E-02
  0.2199651      4.0955339E-02 -9.3751341E-02
  0.2599587      4.0129174E-02 -9.3751274E-02
  0.2999522      3.9165065E-02 -9.3751192E-02
  0.3399457      3.8063519E-02 -9.3751088E-02
  0.3799393      3.6824029E-02 -9.3750976E-02
  0.4199329      3.5446588E-02 -9.3750834E-02
  0.4599266      3.3931691E-02 -9.3750671E-02
  0.4999205      3.2278854E-02 -9.3750462E-02
  0.5399148      3.0488033E-02 -9.3750238E-02
  0.5799097      2.8560229E-02 -9.3749955E-02
  0.6199054      2.6494421E-02 -9.3749650E-02
  0.6599022      2.4290556E-02 -9.3749270E-02
  0.6999006      2.1949118E-02 -9.3748838E-02
  0.7399011      1.9469514E-02 -9.3748346E-02
  0.7799044      1.6851665E-02 -9.3747787E-02
  0.8199111      1.4095878E-02 -9.3747169E-02
  0.8599221      1.1201806E-02 -9.3746483E-02
  0.8999381      8.1693251E-03 -9.3745776E-02
  0.9399592      4.9986495E-03 -9.3745068E-02
  0.9799854      1.6893675E-03 -9.3744390E-02
 -0.9799780      5.9973827E-04 -0.1145819    
 -0.9399393      1.7744401E-03 -0.1145822    
 -0.8999092      2.8998244E-03 -0.1145826    
 -0.8598880      3.9759604E-03 -0.1145829    
 -0.8198749      5.0028795E-03 -0.1145832    
 -0.7798683      5.9807361E-03 -0.1145835    
 -0.7398667      6.9095828E-03 -0.1145838    
 -0.6998687      7.7893119E-03 -0.1145840    
 -0.6598732      8.6199977E-03 -0.1145842    
 -0.6198794      9.4018998E-03 -0.1145843    
 -0.5798867      1.0134796E-02 -0.1145844    
 -0.5398945      1.0818713E-02 -0.1145845    
 -0.4999026      1.1454137E-02 -0.1145846    
 -0.4599110      1.2040590E-02 -0.1145847    
 -0.4199193      1.2578066E-02 -0.1145848    
 -0.3799275      1.3066815E-02 -0.1145848    
 -0.3399357      1.3506597E-02 -0.1145849    
 -0.2999437      1.3897404E-02 -0.1145849    
 -0.2599515      1.4239489E-02 -0.1145849    
 -0.2199593      1.4532597E-02 -0.1145849    
 -0.1799668      1.4776731E-02 -0.1145850    
 -0.1399743      1.4972389E-02 -0.1145850    
 -9.9981755E-02  1.5119069E-02 -0.1145850    
 -5.9989031E-02  1.5216772E-02 -0.1145850    
 -1.9996349E-02  1.5265750E-02 -0.1145850    
  1.9996349E-02  1.5265751E-02 -0.1145850    
  5.9989031E-02  1.5216772E-02 -0.1145850    
  9.9981755E-02  1.5119070E-02 -0.1145850    
  0.1399743      1.4972388E-02 -0.1145850    
  0.1799669      1.4776729E-02 -0.1145850    
  0.2199593      1.4532597E-02 -0.1145849    
  0.2599515      1.4239490E-02 -0.1145849    
  0.2999437      1.3897404E-02 -0.1145849    
  0.3399357      1.3506596E-02 -0.1145849    
  0.3799275      1.3066814E-02 -0.1145848    
  0.4199193      1.2578065E-02 -0.1145848    
  0.4599110      1.2040592E-02 -0.1145847    
  0.4999026      1.1454138E-02 -0.1145846    
  0.5398945      1.0818715E-02 -0.1145846    
  0.5798867      1.0134797E-02 -0.1145844    
  0.6198794      9.4018998E-03 -0.1145843    
  0.6598732      8.6199995E-03 -0.1145842    
  0.6998687      7.7893124E-03 -0.1145840    
  0.7398667      6.9095837E-03 -0.1145838    
  0.7798683      5.9807347E-03 -0.1145835    
  0.8198749      5.0028791E-03 -0.1145832    
  0.8598880      3.9759604E-03 -0.1145829    
  0.8999092      2.8998232E-03 -0.1145826    
  0.9399392      1.7744399E-03 -0.1145822    
  0.9799780      5.9973710E-04 -0.1145819    
