 (-0.1820091,0.0000000E+00) (0.9832431,0.0000000E+00)
 (-1.0277777E-02,0.0000000E+00) (2.0433035E-02,0.0000000E+00)
 (-6.2827915E-03,-9.099509) (-0.9629037,-870.5219)
 (-0.1747362,0.0000000E+00) (0.9841444,0.0000000E+00)
 (-3.0446421E-02,0.0000000E+00) (2.0157313E-02,0.0000000E+00)
 (-2.4981387E-02,-26.95597) (-0.9231793,-871.3199)
 (-0.1673875,0.0000000E+00) (0.9846331,0.0000000E+00)
 (-4.9790561E-02,0.0000000E+00) (1.9610455E-02,0.0000000E+00)
 (-4.1325998E-02,-44.08246) (-0.8831692,-871.7526)
 (-0.1599737,0.0000000E+00) (0.9847571,0.0000000E+00)
 (-6.8278588E-02,0.0000000E+00) (1.8828936E-02,0.0000000E+00)
 (-5.5388164E-02,-60.45098) (-0.8429586,-871.8623)
 (-0.1524967,0.0000000E+00) (0.9845635,0.0000000E+00)
 (-8.5904412E-02,0.0000000E+00) (1.7847773E-02,0.0000000E+00)
 (-6.7265600E-02,-76.05614) (-0.8026244,-871.6909)
 (-0.1449937,0.0000000E+00) (0.9840928,0.0000000E+00) (-0.1026558,0.0000000E+00)
 (1.6700670E-02,0.0000000E+00) (-7.7051461E-02,-90.88709) (-0.7622296,-871.2742)
 (-0.1374536,0.0000000E+00) (0.9833912,0.0000000E+00) (-0.1185253,0.0000000E+00)
 (1.5419953E-02,0.0000000E+00) (-8.4845401E-02,-104.9373) (-0.7218355,-870.6531)
 (-0.1299105,0.0000000E+00) (0.9824962,0.0000000E+00) (-0.1335084,0.0000000E+00)
 (1.4036196E-02,0.0000000E+00) (-9.0749428E-02,-118.2027) (-0.6814883,-869.8607)
 (-0.1223499,0.0000000E+00) (0.9814496,0.0000000E+00) (-0.1476049,0.0000000E+00)
 (1.2578324E-02,0.0000000E+00) (-9.4870001E-02,-130.6831) (-0.6412327,-868.9340)
 (-0.1148037,0.0000000E+00) (0.9802848,0.0000000E+00) (-0.1608163,0.0000000E+00)
 (1.1073423E-02,0.0000000E+00) (-9.7313873E-02,-142.3800) (-0.6010992,-867.9027)
 (-0.1072535,0.0000000E+00) (0.9790386,0.0000000E+00) (-0.1731475,0.0000000E+00)
 (9.5467409E-03,0.0000000E+00) (-9.8190397E-02,-153.2975) (-0.5611175,-866.7994)
 (-9.9729411E-02,0.0000000E+00) (0.9777400,0.0000000E+00)
 (-0.1846037,0.0000000E+00) (8.0217021E-03,0.0000000E+00)
 (-9.7607426E-02,-163.4404) (-0.5213041,-865.6497)
 (-9.2223115E-02,0.0000000E+00) (0.9764217,0.0000000E+00)
 (-0.1951812,0.0000000E+00) (6.5206788E-03,0.0000000E+00)
 (-9.5668271E-02,-172.8052) (-0.4816751,-864.4825)
 (-8.4724858E-02,0.0000000E+00) (0.9751091,0.0000000E+00)
 (-0.2048999,0.0000000E+00) (5.0627245E-03,0.0000000E+00)
 (-9.2487752E-02,-181.4097) (-0.4422383,-863.3204)
 (-7.7260718E-02,0.0000000E+00) (0.9738244,0.0000000E+00)
 (-0.2137683,0.0000000E+00) (3.6657886E-03,0.0000000E+00)
 (-8.8171951E-02,-189.2615) (-0.4029934,-862.1830)
 (-6.9807604E-02,0.0000000E+00) (0.9725911,0.0000000E+00)
 (-0.2217958,0.0000000E+00) (2.3461152E-03,0.0000000E+00)
 (-8.2826927E-02,-196.3687) (-0.3639406,-861.0911)
 (-6.2389903E-02,0.0000000E+00) (0.9714271,0.0000000E+00)
 (-0.2289907,0.0000000E+00) (1.1183057E-03,0.0000000E+00)
 (-7.6555923E-02,-202.7387) (-0.3250711,-860.0605)
 (-5.4982532E-02,0.0000000E+00) (0.9703512,0.0000000E+00)
 (-0.2353626,0.0000000E+00) (-4.7608046E-06,0.0000000E+00)
 (-6.9462217E-02,-208.3801) (-0.2863772,-859.1079)
 (-4.7608562E-02,0.0000000E+00) (0.9693768,0.0000000E+00)
 (-0.2409193,0.0000000E+00) (-1.0117467E-03,0.0000000E+00)
 (-6.1646156E-02,-213.2997) (-0.2478431,-858.2453)
 (-4.0241867E-02,0.0000000E+00) (0.9685182,0.0000000E+00)
 (-0.2456686,0.0000000E+00) (-1.8928540E-03,0.0000000E+00)
 (-5.3207811E-02,-217.5046) (-0.2094552,-857.4851)
 (-3.2904685E-02,0.0000000E+00) (0.9677854,0.0000000E+00)
 (-0.2496170,0.0000000E+00) (-2.6397603E-03,0.0000000E+00)
 (-4.4244781E-02,-221.0003) (-0.1711926,-856.8363)
 (-2.5582219E-02,0.0000000E+00) (0.9671908,0.0000000E+00)
 (-0.2527597,0.0000000E+00) (-3.2446205E-03,0.0000000E+00)
 (-3.4852784E-02,-223.7828) (-0.1330366,-856.3099)
 (-1.8259283E-02,0.0000000E+00) (0.9667389,0.0000000E+00)
 (-0.2551126,0.0000000E+00) (-3.7029872E-03,0.0000000E+00)
 (-2.5130406E-02,-225.8659) (-9.4965644E-02,-855.9099)
 (-1.0956898E-02,0.0000000E+00) (0.9664346,0.0000000E+00)
 (-0.2566789,0.0000000E+00) (-4.0107942E-03,0.0000000E+00)
 (-1.5172197E-02,-227.2527) (-5.6954380E-02,-855.6404)
 (-3.6477363E-03,0.0000000E+00) (0.9662816,0.0000000E+00)
 (-0.2574617,0.0000000E+00) (-4.1653817E-03,0.0000000E+00)
 (-5.0731464E-03,-227.9457) (-1.8981053E-02,-855.5049)
 (3.6477363E-03,0.0000000E+00) (0.9662816,0.0000000E+00)
 (-0.2574617,0.0000000E+00) (-4.1653817E-03,0.0000000E+00)
 (5.0731460E-03,-227.9457) (1.8981051E-02,-855.5049)
 (1.0956898E-02,0.0000000E+00) (0.9664346,0.0000000E+00)
 (-0.2566789,0.0000000E+00) (-4.0107919E-03,0.0000000E+00)
 (1.5172197E-02,-227.2527) (5.6954380E-02,-855.6404)
 (1.8259283E-02,0.0000000E+00) (0.9667389,0.0000000E+00)
 (-0.2551126,0.0000000E+00) (-3.7029888E-03,0.0000000E+00)
 (2.5130406E-02,-225.8659) (9.4965644E-02,-855.9099)
 (2.5582230E-02,0.0000000E+00) (0.9671908,0.0000000E+00)
 (-0.2527597,0.0000000E+00) (-3.2446205E-03,0.0000000E+00)
 (3.4852784E-02,-223.7828) (0.1330366,-856.3099)
 (3.2904685E-02,0.0000000E+00) (0.9677854,0.0000000E+00)
 (-0.2496170,0.0000000E+00) (-2.6397584E-03,0.0000000E+00)
 (4.4244781E-02,-221.0003) (0.1711926,-856.8363)
 (4.0241867E-02,0.0000000E+00) (0.9685182,0.0000000E+00)
 (-0.2456686,0.0000000E+00) (-1.8928557E-03,0.0000000E+00)
 (5.3207815E-02,-217.5046) (0.2094552,-857.4851)
 (4.7608562E-02,0.0000000E+00) (0.9693768,0.0000000E+00)
 (-0.2409193,0.0000000E+00) (-1.0117450E-03,0.0000000E+00)
 (6.1646156E-02,-213.2997) (0.2478431,-858.2453)
 (5.4982532E-02,0.0000000E+00) (0.9703512,0.0000000E+00)
 (-0.2353626,0.0000000E+00) (-4.7625044E-06,0.0000000E+00)
 (6.9462225E-02,-208.3801) (0.2863772,-859.1079)
 (6.2389903E-02,0.0000000E+00) (0.9714271,0.0000000E+00)
 (-0.2289907,0.0000000E+00) (1.1183057E-03,0.0000000E+00)
 (7.6555923E-02,-202.7387) (0.3250711,-860.0605)
 (6.9807604E-02,0.0000000E+00) (0.9725911,0.0000000E+00)
 (-0.2217958,0.0000000E+00) (2.3461168E-03,0.0000000E+00)
 (8.2826927E-02,-196.3687) (0.3639406,-861.0911)
 (7.7260718E-02,0.0000000E+00) (0.9738244,0.0000000E+00)
 (-0.2137683,0.0000000E+00) (3.6657886E-03,0.0000000E+00)
 (8.8171951E-02,-189.2615) (0.4029934,-862.1830)
 (8.4724858E-02,0.0000000E+00) (0.9751091,0.0000000E+00)
 (-0.2048999,0.0000000E+00) (5.0627235E-03,0.0000000E+00)
 (9.2487760E-02,-181.4097) (0.4422383,-863.3204)
 (9.2223123E-02,0.0000000E+00) (0.9764217,0.0000000E+00)
 (-0.1951812,0.0000000E+00) (6.5206792E-03,0.0000000E+00)
 (9.5668264E-02,-172.8052) (0.4816751,-864.4825)
 (9.9729411E-02,0.0000000E+00) (0.9777400,0.0000000E+00)
 (-0.1846037,0.0000000E+00) (8.0217021E-03,0.0000000E+00)
 (9.7607426E-02,-163.4404) (0.5213041,-865.6497)
 (0.1072535,0.0000000E+00) (0.9790386,0.0000000E+00) (-0.1731475,0.0000000E+00)
 (9.5467409E-03,0.0000000E+00) (9.8190397E-02,-153.2975) (0.5611175,-866.7994)
 (0.1148037,0.0000000E+00) (0.9802848,0.0000000E+00) (-0.1608163,0.0000000E+00)
 (1.1073424E-02,0.0000000E+00) (9.7313866E-02,-142.3800) (0.6010992,-867.9027)
 (0.1223499,0.0000000E+00) (0.9814496,0.0000000E+00) (-0.1476049,0.0000000E+00)
 (1.2578324E-02,0.0000000E+00) (9.4870009E-02,-130.6831) (0.6412327,-868.9340)
 (0.1299105,0.0000000E+00) (0.9824962,0.0000000E+00) (-0.1335084,0.0000000E+00)
 (1.4036196E-02,0.0000000E+00) (9.0749428E-02,-118.2027) (0.6814883,-869.8607)
 (0.1374536,0.0000000E+00) (0.9833912,0.0000000E+00) (-0.1185253,0.0000000E+00)
 (1.5419953E-02,0.0000000E+00) (8.4845401E-02,-104.9373) (0.7218355,-870.6531)
 (0.1449937,0.0000000E+00) (0.9840928,0.0000000E+00) (-0.1026558,0.0000000E+00)
 (1.6700670E-02,0.0000000E+00) (7.7051453E-02,-90.88709) (0.7622295,-871.2742)
 (0.1524967,0.0000000E+00) (0.9845635,0.0000000E+00)
 (-8.5904412E-02,0.0000000E+00) (1.7847773E-02,0.0000000E+00)
 (6.7265600E-02,-76.05614) (0.8026244,-871.6909)
 (0.1599737,0.0000000E+00) (0.9847571,0.0000000E+00)
 (-6.8278588E-02,0.0000000E+00) (1.8828932E-02,0.0000000E+00)
 (5.5388164E-02,-60.45098) (0.8429585,-871.8623)
 (0.1673875,0.0000000E+00) (0.9846331,0.0000000E+00)
 (-4.9790561E-02,0.0000000E+00) (1.9610453E-02,0.0000000E+00)
 (4.1325998E-02,-44.08246) (0.8831692,-871.7526)
 (0.1747362,0.0000000E+00) (0.9841444,0.0000000E+00)
 (-3.0446421E-02,0.0000000E+00) (2.0157313E-02,0.0000000E+00)
 (2.4981387E-02,-26.95597) (0.9231793,-871.3199)
 (0.1820091,0.0000000E+00) (0.9832431,0.0000000E+00)
 (-1.0277777E-02,0.0000000E+00) (2.0433033E-02,0.0000000E+00)
 (6.2827915E-03,-9.099509) (0.9629037,-870.5219)
 (-0.1585262,0.0000000E+00) (0.9870178,0.0000000E+00)
 (-2.5794519E-02,0.0000000E+00) (5.1317159E-02,0.0000000E+00)
 (-1.7023087E-02,-22.83738) (-0.9667636,-873.8638)
 (-0.1518126,0.0000000E+00) (0.9854674,0.0000000E+00)
 (-7.6203071E-02,0.0000000E+00) (5.0595380E-02,0.0000000E+00)
 (-6.3724026E-02,-67.46698) (-0.9248835,-872.4913)
 (-0.1447937,0.0000000E+00) (0.9816527,0.0000000E+00) (-0.1240671,0.0000000E+00)
 (4.9193837E-02,0.0000000E+00) (-0.1041175,-109.8438) (-0.8812182,-869.1139)
 (-0.1375589,0.0000000E+00) (0.9759417,0.0000000E+00) (-0.1691607,0.0000000E+00)
 (4.7220211E-02,0.0000000E+00) (-0.1383101,-149.7677) (-0.8363538,-864.0576)
 (-0.1301828,0.0000000E+00) (0.9687099,0.0000000E+00) (-0.2113136,0.0000000E+00)
 (4.4782102E-02,0.0000000E+00) (-0.1664911,-187.0881) (-0.7908221,-857.6548)
 (-0.1227637,0.0000000E+00) (0.9603116,0.0000000E+00) (-0.2504610,0.0000000E+00)
 (4.1981798E-02,0.0000000E+00) (-0.1889578,-221.7476) (-0.7450749,-850.2193)
 (-0.1153423,0.0000000E+00) (0.9510798,0.0000000E+00) (-0.2866067,0.0000000E+00)
 (3.8914632E-02,0.0000000E+00) (-0.2060717,-253.7495) (-0.6994922,-842.0459)
 (-0.1079915,0.0000000E+00) (0.9413077,0.0000000E+00) (-0.3198087,0.0000000E+00)
 (3.5666730E-02,0.0000000E+00) (-0.2182299,-283.1451) (-0.6543700,-833.3941)
 (-0.1007270,0.0000000E+00) (0.9312563,0.0000000E+00) (-0.3501654,0.0000000E+00)
 (3.2314964E-02,0.0000000E+00) (-0.2258499,-310.0217) (-0.6099377,-824.4950)
 (-9.3599804E-02,0.0000000E+00) (0.9211439,0.0000000E+00)
 (-0.3778002,0.0000000E+00) (2.8926395E-02,0.0000000E+00) (-0.2293469,-334.4884)
 (-0.5663548,-815.5419)
 (-8.6605407E-02,0.0000000E+00) (0.9111573,0.0000000E+00)
 (-0.4028546,0.0000000E+00) (2.5559077E-02,0.0000000E+00) (-0.2291299,-356.6704)
 (-0.5237298,-806.7002)
 (-7.9778060E-02,0.0000000E+00) (0.9014468,0.0000000E+00)
 (-0.4254752,0.0000000E+00) (2.2262469E-02,0.0000000E+00) (-0.2255860,-376.6978)
 (-0.4821193,-798.1029)
 (-7.3109873E-02,0.0000000E+00) (0.8921278,0.0000000E+00)
 (-0.4458284,0.0000000E+00) (1.9076861E-02,0.0000000E+00) (-0.2190907,-394.7176)
 (-0.4415413,-789.8523)
 (-6.6590220E-02,0.0000000E+00) (0.8833074,0.0000000E+00)
 (-0.4640407,0.0000000E+00) (1.6038949E-02,0.0000000E+00) (-0.2099750,-410.8420)
 (-0.4019917,-782.0431)
 (-6.0237065E-02,0.0000000E+00) (0.8750616,0.0000000E+00)
 (-0.4802485,0.0000000E+00) (1.3178016E-02,0.0000000E+00) (-0.1985520,-425.1918)
 (-0.3634349,-774.7426)
 (-5.4020502E-02,0.0000000E+00) (0.8674516,0.0000000E+00)
 (-0.4945801,0.0000000E+00) (1.0518353E-02,0.0000000E+00) (-0.1851126,-437.8804)
 (-0.3258207,-768.0050)
 (-4.7952585E-02,0.0000000E+00) (0.8605219,0.0000000E+00)
 (-0.5071515,0.0000000E+00) (8.0799079E-03,0.0000000E+00) (-0.1699206,-449.0106)
 (-0.2890810,-761.8697)
 (-4.1999873E-02,0.0000000E+00) (0.8543079,0.0000000E+00)
 (-0.5180676,0.0000000E+00) (5.8790641E-03,0.0000000E+00) (-0.1532206,-458.6752)
 (-0.2531416,-756.3681)
 (-3.6171012E-02,0.0000000E+00) (0.8488345,0.0000000E+00)
 (-0.5274199,0.0000000E+00) (3.9291084E-03,0.0000000E+00) (-0.1352344,-466.9553)
 (-0.2179169,-751.5222)
 (-3.0430455E-02,0.0000000E+00) (0.8441206,0.0000000E+00)
 (-0.5352891,0.0000000E+00) (2.2407153E-03,0.0000000E+00) (-0.1161692,-473.9224)
 (-0.1833197,-747.3487)
 (-2.4785442E-02,0.0000000E+00) (0.8401788,0.0000000E+00)
 (-0.5417427,0.0000000E+00) (8.2237052E-04,0.0000000E+00)
 (-9.6214898E-02,-479.6361) (-0.1492555,-743.8589)
 (-1.9209290E-02,0.0000000E+00) (0.8370097,0.0000000E+00)
 (-0.5468507,0.0000000E+00) (-3.2099622E-04,0.0000000E+00)
 (-7.5552359E-02,-484.1585) (-0.1156292,-741.0530)
 (-1.3677519E-02,0.0000000E+00) (0.8346285,0.0000000E+00)
 (-0.5506434,0.0000000E+00) (-1.1826794E-03,0.0000000E+00)
 (-5.4347470E-02,-487.5164) (-8.2346894E-02,-738.9448)
 (-8.1949942E-03,0.0000000E+00) (0.8330390,0.0000000E+00)
 (-0.5531536,0.0000000E+00) (-1.7590638E-03,0.0000000E+00)
 (-3.2759659E-02,-489.7388) (-4.9309373E-02,-737.5375)
 (-2.7256466E-03,0.0000000E+00) (0.8322437,0.0000000E+00)
 (-0.5544032,0.0000000E+00) (-2.0478216E-03,0.0000000E+00)
 (-1.0945202E-02,-490.8452) (-1.6420349E-02,-736.8334)
 (2.7256466E-03,0.0000000E+00) (0.8322437,0.0000000E+00)
 (-0.5544032,0.0000000E+00) (-2.0478177E-03,0.0000000E+00)
 (1.0945202E-02,-490.8452) (1.6420349E-02,-736.8334)
 (8.1949942E-03,0.0000000E+00) (0.8330390,0.0000000E+00)
 (-0.5531536,0.0000000E+00) (-1.7590608E-03,0.0000000E+00)
 (3.2759655E-02,-489.7388) (4.9309369E-02,-737.5375)
 (1.3677519E-02,0.0000000E+00) (0.8346285,0.0000000E+00)
 (-0.5506434,0.0000000E+00) (-1.1826763E-03,0.0000000E+00)
 (5.4347470E-02,-487.5164) (8.2346894E-02,-738.9448)
 (1.9209290E-02,0.0000000E+00) (0.8370097,0.0000000E+00)
 (-0.5468507,0.0000000E+00) (-3.2099622E-04,0.0000000E+00)
 (7.5552359E-02,-484.1585) (0.1156292,-741.0530)
 (2.4785442E-02,0.0000000E+00) (0.8401788,0.0000000E+00)
 (-0.5417427,0.0000000E+00) (8.2237454E-04,0.0000000E+00)
 (9.6214898E-02,-479.6361) (0.1492555,-743.8589)
 (3.0430455E-02,0.0000000E+00) (0.8441206,0.0000000E+00)
 (-0.5352891,0.0000000E+00) (2.2407153E-03,0.0000000E+00) (0.1161692,-473.9224)
 (0.1833197,-747.3487)
 (3.6171012E-02,0.0000000E+00) (0.8488345,0.0000000E+00)
 (-0.5274199,0.0000000E+00) (3.9291084E-03,0.0000000E+00) (0.1352344,-466.9553)
 (0.2179169,-751.5222)
 (4.1999873E-02,0.0000000E+00) (0.8543079,0.0000000E+00)
 (-0.5180676,0.0000000E+00) (5.8790632E-03,0.0000000E+00) (0.1532206,-458.6752)
 (0.2531416,-756.3681)
 (4.7952585E-02,0.0000000E+00) (0.8605219,0.0000000E+00)
 (-0.5071515,0.0000000E+00) (8.0799079E-03,0.0000000E+00) (0.1699206,-449.0106)
 (0.2890810,-761.8697)
 (5.4020502E-02,0.0000000E+00) (0.8674516,0.0000000E+00)
 (-0.4945801,0.0000000E+00) (1.0518353E-02,0.0000000E+00) (0.1851126,-437.8804)
 (0.3258207,-768.0050)
 (6.0237065E-02,0.0000000E+00) (0.8750616,0.0000000E+00)
 (-0.4802485,0.0000000E+00) (1.3178013E-02,0.0000000E+00) (0.1985520,-425.1918)
 (0.3634349,-774.7426)
 (6.6590220E-02,0.0000000E+00) (0.8833074,0.0000000E+00)
 (-0.4640407,0.0000000E+00) (1.6038947E-02,0.0000000E+00) (0.2099750,-410.8420)
 (0.4019917,-782.0431)
 (7.3109873E-02,0.0000000E+00) (0.8921278,0.0000000E+00)
 (-0.4458284,0.0000000E+00) (1.9076860E-02,0.0000000E+00) (0.2190907,-394.7176)
 (0.4415413,-789.8523)
 (7.9778060E-02,0.0000000E+00) (0.9014468,0.0000000E+00)
 (-0.4254752,0.0000000E+00) (2.2262467E-02,0.0000000E+00) (0.2255860,-376.6978)
 (0.4821193,-798.1029)
 (8.6605407E-02,0.0000000E+00) (0.9111573,0.0000000E+00)
 (-0.4028546,0.0000000E+00) (2.5559077E-02,0.0000000E+00) (0.2291299,-356.6704)
 (0.5237298,-806.7002)
 (9.3599804E-02,0.0000000E+00) (0.9211439,0.0000000E+00)
 (-0.3778002,0.0000000E+00) (2.8926395E-02,0.0000000E+00) (0.2293469,-334.4884)
 (0.5663548,-815.5419)
 (0.1007270,0.0000000E+00) (0.9312563,0.0000000E+00) (-0.3501654,0.0000000E+00)
 (3.2314964E-02,0.0000000E+00) (0.2258499,-310.0217) (0.6099377,-824.4950)
 (0.1079915,0.0000000E+00) (0.9413077,0.0000000E+00) (-0.3198087,0.0000000E+00)
 (3.5666727E-02,0.0000000E+00) (0.2182299,-283.1451) (0.6543700,-833.3941)
 (0.1153423,0.0000000E+00) (0.9510798,0.0000000E+00) (-0.2866067,0.0000000E+00)
 (3.8914632E-02,0.0000000E+00) (0.2060717,-253.7495) (0.6994922,-842.0459)
 (0.1227637,0.0000000E+00) (0.9603116,0.0000000E+00) (-0.2504610,0.0000000E+00)
 (4.1981801E-02,0.0000000E+00) (0.1889578,-221.7476) (0.7450749,-850.2193)
 (0.1301828,0.0000000E+00) (0.9687099,0.0000000E+00) (-0.2113136,0.0000000E+00)
 (4.4782102E-02,0.0000000E+00) (0.1664911,-187.0881) (0.7908221,-857.6548)
 (0.1375589,0.0000000E+00) (0.9759417,0.0000000E+00) (-0.1691607,0.0000000E+00)
 (4.7220208E-02,0.0000000E+00) (0.1383101,-149.7677) (0.8363538,-864.0576)
 (0.1447937,0.0000000E+00) (0.9816527,0.0000000E+00) (-0.1240671,0.0000000E+00)
 (4.9193833E-02,0.0000000E+00) (0.1041175,-109.8438) (0.8812183,-869.1139)
 (0.1518126,0.0000000E+00) (0.9854674,0.0000000E+00)
 (-7.6203071E-02,0.0000000E+00) (5.0595380E-02,0.0000000E+00)
 (6.3724026E-02,-67.46698) (0.9248836,-872.4913)
 (0.1585262,0.0000000E+00) (0.9870178,0.0000000E+00)
 (-2.5794519E-02,0.0000000E+00) (5.1317159E-02,0.0000000E+00)
 (1.7023087E-02,-22.83738) (0.9667636,-873.8638)
 (-0.1268269,0.0000000E+00) (0.9912617,0.0000000E+00)
 (-3.6266483E-02,0.0000000E+00) (7.2178230E-02,0.0000000E+00)
 (-2.6294116E-02,-32.10881) (-0.9711030,-877.6212)
 (-0.1211103,0.0000000E+00) (0.9868718,0.0000000E+00) (-0.1068468,0.0000000E+00)
 (7.1142279E-02,0.0000000E+00) (-9.1603346E-02,-94.59765) (-0.9267176,-873.7346)
 (-0.1149317,0.0000000E+00) (0.9781738,0.0000000E+00) (-0.1731091,0.0000000E+00)
 (6.9174848E-02,0.0000000E+00) (-0.1474120,-153.2634) (-0.8788962,-866.0338)
 (-0.1084766,0.0000000E+00) (0.9660613,0.0000000E+00) (-0.2344320,0.0000000E+00)
 (6.6455469E-02,0.0000000E+00) (-0.1936911,-207.5562) (-0.8289241,-855.3099)
 (-0.1018501,0.0000000E+00) (0.9514247,0.0000000E+00) (-0.2905470,0.0000000E+00)
 (6.3161425E-02,0.0000000E+00) (-0.2308061,-257.2380) (-0.7779384,-842.3513)
 (-9.5225848E-02,0.0000000E+00) (0.9350770,0.0000000E+00)
 (-0.3414133,0.0000000E+00) (5.9456840E-02,0.0000000E+00) (-0.2593381,-302.2729)
 (-0.7268696,-827.8777)
 (-8.8665411E-02,0.0000000E+00) (0.9177420,0.0000000E+00)
 (-0.3871538,0.0000000E+00) (5.5488434E-02,0.0000000E+00) (-0.2800037,-342.7696)
 (-0.6764522,-812.5300)
 (-8.2249030E-02,0.0000000E+00) (0.9000022,0.0000000E+00)
 (-0.4280550,0.0000000E+00) (5.1378958E-02,0.0000000E+00) (-0.2936127,-378.9818)
 (-0.6272044,-796.8240)
 (-7.6023415E-02,0.0000000E+00) (0.8823265,0.0000000E+00)
 (-0.4644571,0.0000000E+00) (4.7230296E-02,0.0000000E+00) (-0.3009673,-411.2107)
 (-0.5794766,-781.1746)
 (-7.0028491E-02,0.0000000E+00) (0.8650825,0.0000000E+00)
 (-0.4967175,0.0000000E+00) (4.3125525E-02,0.0000000E+00) (-0.3028259,-439.7727)
 (-0.5334811,-765.9075)
 (-6.4244203E-02,0.0000000E+00) (0.8485291,0.0000000E+00)
 (-0.5252343,0.0000000E+00) (3.9128132E-02,0.0000000E+00) (-0.2999178,-465.0203)
 (-0.4893106,-751.2518)
 (-5.8716096E-02,0.0000000E+00) (0.8328528,0.0000000E+00)
 (-0.5503713,0.0000000E+00) (3.5287961E-02,0.0000000E+00) (-0.2928853,-487.2755)
 (-0.4469752,-737.3727)
 (-5.3418428E-02,0.0000000E+00) (0.8182024,0.0000000E+00)
 (-0.5724432,0.0000000E+00) (3.1645555E-02,0.0000000E+00) (-0.2822932,-506.8170)
 (-0.4064394,-724.4019)
 (-4.8318777E-02,0.0000000E+00) (0.8046433,0.0000000E+00)
 (-0.5917892,0.0000000E+00) (2.8227292E-02,0.0000000E+00) (-0.2686675,-523.9451)
 (-0.3676063,-712.3972)
 (-4.3443602E-02,0.0000000E+00) (0.7922225,0.0000000E+00)
 (-0.6086839,0.0000000E+00) (2.5054481E-02,0.0000000E+00) (-0.2524489,-538.9031)
 (-0.3303589,-701.4003)
 (-3.8746119E-02,0.0000000E+00) (0.7809750,0.0000000E+00)
 (-0.6233593,0.0000000E+00) (2.2144053E-02,0.0000000E+00) (-0.2340226,-551.8959)
 (-0.2945714,-691.4423)
 (-3.4218255E-02,0.0000000E+00) (0.7708984,0.0000000E+00)
 (-0.6360383,0.0000000E+00) (1.9506192E-02,0.0000000E+00) (-0.2137316,-563.1215)
 (-0.2600988,-682.5209)
 (-2.9841386E-02,0.0000000E+00) (0.7619889,0.0000000E+00)
 (-0.6469022,0.0000000E+00) (1.7149080E-02,0.0000000E+00) (-0.1918709,-572.7399)
 (-0.2267966,-674.6328)
 (-2.5606669E-02,0.0000000E+00) (0.7542443,0.0000000E+00)
 (-0.6560944,0.0000000E+00) (1.5079566E-02,0.0000000E+00) (-0.1686964,-580.8782)
 (-0.1945215,-667.7760)
 (-2.1466728E-02,0.0000000E+00) (0.7476419,0.0000000E+00)
 (-0.6637551,0.0000000E+00) (1.3300543E-02,0.0000000E+00) (-0.1444428,-587.6607)
 (-0.1631279,-661.9305)
 (-1.7440995E-02,0.0000000E+00) (0.7421652,0.0000000E+00)
 (-0.6699900,0.0000000E+00) (1.1814704E-02,0.0000000E+00) (-0.1193115,-593.1808)
 (-0.1324720,-657.0817)
 (-1.3492662E-02,0.0000000E+00) (0.7378173,0.0000000E+00)
 (-0.6748656,0.0000000E+00) (1.0626046E-02,0.0000000E+00)
 (-9.3485676E-02,-597.4975) (-0.1024185,-653.2322)
 (-9.5862113E-03,0.0000000E+00) (0.7345669,0.0000000E+00)
 (-0.6784686,0.0000000E+00) (9.7334730E-03,0.0000000E+00)
 (-6.7139424E-02,-600.6874) (-7.2828285E-02,-650.3545)
 (-5.7401429E-03,0.0000000E+00) (0.7324032,0.0000000E+00)
 (-0.6808470,0.0000000E+00) (9.1377534E-03,0.0000000E+00)
 (-4.0427223E-02,-602.7932) (-4.3565549E-02,-648.4388)
 (-1.9105931E-03,0.0000000E+00) (0.7313276,0.0000000E+00)
 (-0.6820236,0.0000000E+00) (8.8403393E-03,0.0000000E+00)
 (-1.3499471E-02,-603.8349) (-1.4500123E-02,-647.4866)
 (1.9105931E-03,0.0000000E+00) (0.7313276,0.0000000E+00)
 (-0.6820236,0.0000000E+00) (8.8403393E-03,0.0000000E+00)
 (1.3499471E-02,-603.8349) (1.4500123E-02,-647.4866)
 (5.7401429E-03,0.0000000E+00) (0.7324032,0.0000000E+00)
 (-0.6808470,0.0000000E+00) (9.1377478E-03,0.0000000E+00)
 (4.0427219E-02,-602.7932) (4.3565549E-02,-648.4388)
 (9.5862113E-03,0.0000000E+00) (0.7345669,0.0000000E+00)
 (-0.6784686,0.0000000E+00) (9.7334785E-03,0.0000000E+00)
 (6.7139424E-02,-600.6874) (7.2828285E-02,-650.3545)
 (1.3492662E-02,0.0000000E+00) (0.7378173,0.0000000E+00)
 (-0.6748656,0.0000000E+00) (1.0626040E-02,0.0000000E+00)
 (9.3485676E-02,-597.4975) (0.1024185,-653.2322)
 (1.7440995E-02,0.0000000E+00) (0.7421652,0.0000000E+00)
 (-0.6699900,0.0000000E+00) (1.1814704E-02,0.0000000E+00) (0.1193115,-593.1808)
 (0.1324720,-657.0817)
 (2.1466728E-02,0.0000000E+00) (0.7476419,0.0000000E+00)
 (-0.6637551,0.0000000E+00) (1.3300546E-02,0.0000000E+00) (0.1444428,-587.6607)
 (0.1631279,-661.9305)
 (2.5606669E-02,0.0000000E+00) (0.7542443,0.0000000E+00)
 (-0.6560944,0.0000000E+00) (1.5079566E-02,0.0000000E+00) (0.1686964,-580.8782)
 (0.1945215,-667.7760)
 (2.9841386E-02,0.0000000E+00) (0.7619889,0.0000000E+00)
 (-0.6469022,0.0000000E+00) (1.7149072E-02,0.0000000E+00) (0.1918709,-572.7399)
 (0.2267967,-674.6328)
 (3.4218255E-02,0.0000000E+00) (0.7708984,0.0000000E+00)
 (-0.6360383,0.0000000E+00) (1.9506194E-02,0.0000000E+00) (0.2137316,-563.1215)
 (0.2600988,-682.5209)
 (3.8746119E-02,0.0000000E+00) (0.7809750,0.0000000E+00)
 (-0.6233593,0.0000000E+00) (2.2144053E-02,0.0000000E+00) (0.2340226,-551.8959)
 (0.2945714,-691.4423)
 (4.3443538E-02,0.0000000E+00) (0.7922226,0.0000000E+00)
 (-0.6086839,0.0000000E+00) (2.5054492E-02,0.0000000E+00) (0.2524489,-538.9030)
 (0.3303589,-701.4004)
 (4.8318777E-02,0.0000000E+00) (0.8046433,0.0000000E+00)
 (-0.5917892,0.0000000E+00) (2.8227286E-02,0.0000000E+00) (0.2686675,-523.9451)
 (0.3676063,-712.3972)
 (5.3418402E-02,0.0000000E+00) (0.8182025,0.0000000E+00)
 (-0.5724432,0.0000000E+00) (3.1645555E-02,0.0000000E+00) (0.2822933,-506.8170)
 (0.4064395,-724.4019)
 (5.8716096E-02,0.0000000E+00) (0.8328528,0.0000000E+00)
 (-0.5503713,0.0000000E+00) (3.5287958E-02,0.0000000E+00) (0.2928853,-487.2755)
 (0.4469752,-737.3727)
 (6.4244203E-02,0.0000000E+00) (0.8485291,0.0000000E+00)
 (-0.5252343,0.0000000E+00) (3.9128132E-02,0.0000000E+00) (0.2999178,-465.0203)
 (0.4893106,-751.2518)
 (7.0028491E-02,0.0000000E+00) (0.8650825,0.0000000E+00)
 (-0.4967175,0.0000000E+00) (4.3125525E-02,0.0000000E+00) (0.3028259,-439.7727)
 (0.5334811,-765.9075)
 (7.6023415E-02,0.0000000E+00) (0.8823265,0.0000000E+00)
 (-0.4644571,0.0000000E+00) (4.7230288E-02,0.0000000E+00) (0.3009673,-411.2107)
 (0.5794766,-781.1746)
 (8.2249030E-02,0.0000000E+00) (0.9000022,0.0000000E+00)
 (-0.4280550,0.0000000E+00) (5.1378954E-02,0.0000000E+00) (0.2936127,-378.9818)
 (0.6272044,-796.8240)
 (8.8665411E-02,0.0000000E+00) (0.9177420,0.0000000E+00)
 (-0.3871538,0.0000000E+00) (5.5488434E-02,0.0000000E+00) (0.2800037,-342.7696)
 (0.6764522,-812.5300)
 (9.5225848E-02,0.0000000E+00) (0.9350770,0.0000000E+00)
 (-0.3414133,0.0000000E+00) (5.9456840E-02,0.0000000E+00) (0.2593381,-302.2729)
 (0.7268696,-827.8777)
 (0.1018501,0.0000000E+00) (0.9514247,0.0000000E+00) (-0.2905470,0.0000000E+00)
 (6.3161425E-02,0.0000000E+00) (0.2308061,-257.2380) (0.7779384,-842.3513)
 (0.1084766,0.0000000E+00) (0.9660613,0.0000000E+00) (-0.2344321,0.0000000E+00)
 (6.6455469E-02,0.0000000E+00) (0.1936911,-207.5562) (0.8289241,-855.3099)
 (0.1149317,0.0000000E+00) (0.9781738,0.0000000E+00) (-0.1731091,0.0000000E+00)
 (6.9174848E-02,0.0000000E+00) (0.1474120,-153.2634) (0.8788962,-866.0338)
 (0.1211103,0.0000000E+00) (0.9868718,0.0000000E+00) (-0.1068468,0.0000000E+00)
 (7.1142279E-02,0.0000000E+00) (9.1603346E-02,-94.59765) (0.9267176,-873.7346)
 (0.1268269,0.0000000E+00) (0.9912617,0.0000000E+00)
 (-3.6266483E-02,0.0000000E+00) (7.2178230E-02,0.0000000E+00)
 (2.6294116E-02,-32.10881) (0.9711030,-877.6212)
 (-8.3998799E-02,0.0000000E+00) (0.9953656,0.0000000E+00)
 (-4.6813875E-02,0.0000000E+00) (9.3230858E-02,0.0000000E+00)
 (-3.8002498E-02,-41.44703) (-0.9753019,-881.2547)
 (-7.9913467E-02,0.0000000E+00) (0.9872859,0.0000000E+00)
 (-0.1374060,0.0000000E+00) (9.1866337E-02,0.0000000E+00) (-0.1216645,-121.6535)
 (-0.9276090,-874.1013)
 (-7.5351015E-02,0.0000000E+00) (0.9723186,0.0000000E+00)
 (-0.2211760,0.0000000E+00) (8.9343905E-02,0.0000000E+00) (-0.1919808,-195.8199)
 (-0.8744110,-860.8498)
 (-7.0529848E-02,0.0000000E+00) (0.9522526,0.0000000E+00)
 (-0.2970530,0.0000000E+00) (8.5942805E-02,0.0000000E+00) (-0.2488305,-262.9982)
 (-0.8180730,-843.0842)
 (-6.5580450E-02,0.0000000E+00) (0.9288353,0.0000000E+00)
 (-0.3646426,0.0000000E+00) (8.1935719E-02,0.0000000E+00) (-0.2928266,-322.8392)
 (-0.7606380,-822.3515)
 (-6.0697861E-02,0.0000000E+00) (0.9035784,0.0000000E+00)
 (-0.4241012,0.0000000E+00) (7.7561662E-02,0.0000000E+00) (-0.3250681,-375.4813)
 (-0.7036819,-799.9902)
 (-5.5930290E-02,0.0000000E+00) (0.8776810,0.0000000E+00)
 (-0.4759704,0.0000000E+00) (7.3014230E-02,0.0000000E+00) (-0.3469276,-421.4041)
 (-0.6483082,-777.0617)
 (-5.1356789E-02,0.0000000E+00) (0.8520416,0.0000000E+00)
 (-0.5209488,0.0000000E+00) (6.8443552E-02,0.0000000E+00) (-0.3597977,-461.2260)
 (-0.5952172,-754.3616)
 (-4.7010530E-02,0.0000000E+00) (0.8272869,0.0000000E+00)
 (-0.5598092,0.0000000E+00) (6.3959464E-02,0.0000000E+00) (-0.3650121,-495.6314)
 (-0.5447866,-732.4449)
 (-4.2924404E-02,0.0000000E+00) (0.8038269,0.0000000E+00)
 (-0.5933127,0.0000000E+00) (5.9639014E-02,0.0000000E+00) (-0.3637736,-525.2940)
 (-0.4971594,-711.6744)
 (-3.9036900E-02,0.0000000E+00) (0.7819111,0.0000000E+00)
 (-0.6221665,0.0000000E+00) (5.5534910E-02,0.0000000E+00) (-0.3571407,-550.8400)
 (-0.4523230,-692.2711)
 (-3.5417520E-02,0.0000000E+00) (0.7616678,0.0000000E+00)
 (-0.6469990,0.0000000E+00) (5.1680818E-02,0.0000000E+00) (-0.3460040,-572.8256)
 (-0.4101560,-674.3486)
 (-3.2011185E-02,0.0000000E+00) (0.7431490,0.0000000E+00)
 (-0.6683598,0.0000000E+00) (4.8096683E-02,0.0000000E+00) (-0.3311257,-591.7375)
 (-0.3704822,-657.9528)
 (-2.8763592E-02,0.0000000E+00) (0.7263536,0.0000000E+00)
 (-0.6867191,0.0000000E+00) (4.4794597E-02,0.0000000E+00) (-0.3131437,-607.9921)
 (-0.3330933,-643.0828)
 (-2.5729282E-02,0.0000000E+00) (0.7112453,0.0000000E+00)
 (-0.7024729,0.0000000E+00) (4.1779574E-02,0.0000000E+00) (-0.2925793,-621.9398)
 (-0.2977633,-629.7065)
 (-2.2834618E-02,0.0000000E+00) (0.6977723,0.0000000E+00)
 (-0.7159556,0.0000000E+00) (3.9052460E-02,0.0000000E+00) (-0.2698789,-633.8769)
 (-0.2642702,-617.7781)
 (-2.0078916E-02,0.0000000E+00) (0.6858721,0.0000000E+00)
 (-0.7274450,0.0000000E+00) (3.6612138E-02,0.0000000E+00) (-0.2454094,-644.0491)
 (-0.2323950,-607.2422)
 (-1.7444359E-02,0.0000000E+00) (0.6754808,0.0000000E+00)
 (-0.7371712,0.0000000E+00) (3.4455769E-02,0.0000000E+00) (-0.2194807,-652.6602)
 (-0.2019287,-598.0422)
 (-1.4930536E-02,0.0000000E+00) (0.6665365,0.0000000E+00)
 (-0.7453229,0.0000000E+00) (3.2579452E-02,0.0000000E+00) (-0.1923534,-659.8774)
 (-0.1726728,-590.1232)
 (-1.2471222E-02,0.0000000E+00) (0.6589817,0.0000000E+00)
 (-0.7520556,0.0000000E+00) (3.0979725E-02,0.0000000E+00) (-0.1642568,-665.8383)
 (-0.1444422,-583.4346)
 (-1.0117896E-02,0.0000000E+00) (0.6527655,0.0000000E+00)
 (-0.7574924,0.0000000E+00) (2.9653000E-02,0.0000000E+00) (-0.1353785,-670.6518)
 (-0.1170579,-577.9310)
 (-7.8226961E-03,0.0000000E+00) (0.6478451,0.0000000E+00)
 (-0.7617319,0.0000000E+00) (2.8595261E-02,0.0000000E+00) (-0.1058922,-674.4052)
 (-9.0353921E-02,-573.5747)
 (-5.5400110E-03,0.0000000E+00) (0.6441859,0.0000000E+00)
 (-0.7648489,0.0000000E+00) (2.7804561E-02,0.0000000E+00)
 (-7.5953454E-02,-677.1650) (-6.4172387E-02,-570.3350)
 (-3.3210746E-03,0.0000000E+00) (0.6417609,0.0000000E+00)
 (-0.7668976,0.0000000E+00) (2.7278744E-02,0.0000000E+00)
 (-4.5695249E-02,-678.9787) (-3.8357172E-02,-568.1880)
 (-1.1049211E-03,0.0000000E+00) (0.6405528,0.0000000E+00)
 (-0.7679133,0.0000000E+00) (2.7016003E-02,0.0000000E+00)
 (-1.5252261E-02,-679.8780) (-1.2761505E-02,-567.1184)
 (1.1049211E-03,0.0000000E+00) (0.6405528,0.0000000E+00)
 (-0.7679133,0.0000000E+00) (2.7016003E-02,0.0000000E+00)
 (1.5252261E-02,-679.8780) (1.2761505E-02,-567.1184)
 (3.3210746E-03,0.0000000E+00) (0.6417609,0.0000000E+00)
 (-0.7668976,0.0000000E+00) (2.7278747E-02,0.0000000E+00)
 (4.5695253E-02,-678.9787) (3.8357172E-02,-568.1880)
 (5.5400110E-03,0.0000000E+00) (0.6441859,0.0000000E+00)
 (-0.7648489,0.0000000E+00) (2.7804565E-02,0.0000000E+00)
 (7.5953454E-02,-677.1650) (6.4172387E-02,-570.3350)
 (7.8226961E-03,0.0000000E+00) (0.6478451,0.0000000E+00)
 (-0.7617319,0.0000000E+00) (2.8595261E-02,0.0000000E+00) (0.1058922,-674.4052)
 (9.0353921E-02,-573.5747)
 (1.0117896E-02,0.0000000E+00) (0.6527655,0.0000000E+00)
 (-0.7574924,0.0000000E+00) (2.9652998E-02,0.0000000E+00) (0.1353785,-670.6518)
 (0.1170579,-577.9310)
 (1.2471222E-02,0.0000000E+00) (0.6589817,0.0000000E+00)
 (-0.7520556,0.0000000E+00) (3.0979725E-02,0.0000000E+00) (0.1642568,-665.8383)
 (0.1444422,-583.4346)
 (1.4930536E-02,0.0000000E+00) (0.6665365,0.0000000E+00)
 (-0.7453229,0.0000000E+00) (3.2579452E-02,0.0000000E+00) (0.1923534,-659.8774)
 (0.1726728,-590.1232)
 (1.7444359E-02,0.0000000E+00) (0.6754808,0.0000000E+00)
 (-0.7371712,0.0000000E+00) (3.4455772E-02,0.0000000E+00) (0.2194807,-652.6602)
 (0.2019287,-598.0422)
 (2.0078916E-02,0.0000000E+00) (0.6858721,0.0000000E+00)
 (-0.7274450,0.0000000E+00) (3.6612142E-02,0.0000000E+00) (0.2454094,-644.0491)
 (0.2323950,-607.2422)
 (2.2834618E-02,0.0000000E+00) (0.6977723,0.0000000E+00)
 (-0.7159556,0.0000000E+00) (3.9052460E-02,0.0000000E+00) (0.2698789,-633.8769)
 (0.2642702,-617.7781)
 (2.5729282E-02,0.0000000E+00) (0.7112453,0.0000000E+00)
 (-0.7024729,0.0000000E+00) (4.1779574E-02,0.0000000E+00) (0.2925793,-621.9398)
 (0.2977633,-629.7065)
 (2.8763592E-02,0.0000000E+00) (0.7263536,0.0000000E+00)
 (-0.6867191,0.0000000E+00) (4.4794600E-02,0.0000000E+00) (0.3131437,-607.9921)
 (0.3330933,-643.0828)
 (3.2011185E-02,0.0000000E+00) (0.7431490,0.0000000E+00)
 (-0.6683598,0.0000000E+00) (4.8096679E-02,0.0000000E+00) (0.3311257,-591.7375)
 (0.3704822,-657.9528)
 (3.5417520E-02,0.0000000E+00) (0.7616678,0.0000000E+00)
 (-0.6469990,0.0000000E+00) (5.1680814E-02,0.0000000E+00) (0.3460040,-572.8256)
 (0.4101560,-674.3486)
 (3.9036900E-02,0.0000000E+00) (0.7819111,0.0000000E+00)
 (-0.6221665,0.0000000E+00) (5.5534910E-02,0.0000000E+00) (0.3571407,-550.8400)
 (0.4523230,-692.2711)
 (4.2924404E-02,0.0000000E+00) (0.8038269,0.0000000E+00)
 (-0.5933127,0.0000000E+00) (5.9639011E-02,0.0000000E+00) (0.3637736,-525.2940)
 (0.4971593,-711.6744)
 (4.7010530E-02,0.0000000E+00) (0.8272869,0.0000000E+00)
 (-0.5598092,0.0000000E+00) (6.3959464E-02,0.0000000E+00) (0.3650121,-495.6314)
 (0.5447866,-732.4449)
 (5.1356789E-02,0.0000000E+00) (0.8520416,0.0000000E+00)
 (-0.5209488,0.0000000E+00) (6.8443544E-02,0.0000000E+00) (0.3597977,-461.2260)
 (0.5952172,-754.3616)
 (5.5930290E-02,0.0000000E+00) (0.8776810,0.0000000E+00)
 (-0.4759704,0.0000000E+00) (7.3014230E-02,0.0000000E+00) (0.3469276,-421.4041)
 (0.6483082,-777.0617)
 (6.0697861E-02,0.0000000E+00) (0.9035784,0.0000000E+00)
 (-0.4241012,0.0000000E+00) (7.7561662E-02,0.0000000E+00) (0.3250681,-375.4813)
 (0.7036819,-799.9902)
 (6.5580450E-02,0.0000000E+00) (0.9288353,0.0000000E+00)
 (-0.3646426,0.0000000E+00) (8.1935719E-02,0.0000000E+00) (0.2928266,-322.8392)
 (0.7606379,-822.3515)
 (7.0529848E-02,0.0000000E+00) (0.9522526,0.0000000E+00)
 (-0.2970530,0.0000000E+00) (8.5942805E-02,0.0000000E+00) (0.2488305,-262.9982)
 (0.8180730,-843.0842)
 (7.5351015E-02,0.0000000E+00) (0.9723186,0.0000000E+00)
 (-0.2211760,0.0000000E+00) (8.9343905E-02,0.0000000E+00) (0.1919808,-195.8199)
 (0.8744110,-860.8498)
 (7.9913467E-02,0.0000000E+00) (0.9872859,0.0000000E+00)
 (-0.1374060,0.0000000E+00) (9.1866337E-02,0.0000000E+00) (0.1216646,-121.6535)
 (0.9276090,-874.1013)
 (8.3998799E-02,0.0000000E+00) (0.9953656,0.0000000E+00)
 (-4.6813875E-02,0.0000000E+00) (9.3230858E-02,0.0000000E+00)
 (3.8002495E-02,-41.44703) (0.9753018,-881.2547)
 (-2.9882241E-02,0.0000000E+00) (0.9979049,0.0000000E+00)
 (-5.7383142E-02,0.0000000E+00) (0.1143074,0.0000000E+00)
 (-5.2810255E-02,-50.80461) (-0.9779069,-883.5029)
 (-2.8302945E-02,0.0000000E+00) (0.9854347,0.0000000E+00)
 (-0.1676824,0.0000000E+00) (0.1126157,0.0000000E+00) (-0.1543683,-148.4589)
 (-0.9261985,-872.4623)
 (-2.6485071E-02,0.0000000E+00) (0.9630941,0.0000000E+00)
 (-0.2678586,0.0000000E+00) (0.1095771,0.0000000E+00) (-0.2380137,-237.1507)
 (-0.8666204,-852.6829)
 (-2.4546172E-02,0.0000000E+00) (0.9340687,0.0000000E+00)
 (-0.3562487,0.0000000E+00) (0.1056119,0.0000000E+00) (-0.3035215,-315.4076)
 (-0.8030969,-826.9850)
 (-2.2582209E-02,0.0000000E+00) (0.9013033,0.0000000E+00)
 (-0.4325996,0.0000000E+00) (0.1011100,0.0000000E+00) (-0.3520900,-383.0054)
 (-0.7388430,-797.9759)
 (-2.0670632E-02,0.0000000E+00) (0.8671480,0.0000000E+00)
 (-0.4976214,0.0000000E+00) (9.6384726E-02,0.0000000E+00) (-0.3857107,-440.5730)
 (-0.6761376,-767.7362)
 (-1.8842684E-02,0.0000000E+00) (0.8332877,0.0000000E+00)
 (-0.5525183,0.0000000E+00) (9.1663577E-02,0.0000000E+00) (-0.4066308,-489.1764)
 (-0.6163917,-737.7578)
 (-1.7127572E-02,0.0000000E+00) (0.8008228,0.0000000E+00)
 (-0.5986564,0.0000000E+00) (8.7098345E-02,0.0000000E+00) (-0.4170184,-530.0251)
 (-0.5603374,-709.0146)
 (-1.5533089E-02,0.0000000E+00) (0.7703944,0.0000000E+00)
 (-0.6373784,0.0000000E+00) (8.2780793E-02,0.0000000E+00) (-0.4188091,-564.3079)
 (-0.5082288,-682.0746)
 (-1.4066932E-02,0.0000000E+00) (0.7423162,0.0000000E+00)
 (-0.6699021,0.0000000E+00) (7.8759439E-02,0.0000000E+00) (-0.4136466,-593.1030)
 (-0.4600142,-657.2154)
 (-1.2694746E-02,0.0000000E+00) (0.7167116,0.0000000E+00)
 (-0.6972542,0.0000000E+00) (7.5057462E-02,0.0000000E+00) (-0.4028738,-617.3194)
 (-0.4154828,-634.5461)
 (-1.1443733E-02,0.0000000E+00) (0.6935654,0.0000000E+00)
 (-0.7203027,0.0000000E+00) (7.1679130E-02,0.0000000E+00) (-0.3875762,-637.7256)
 (-0.3743283,-614.0535)
 (-1.0285033E-02,0.0000000E+00) (0.6727738,0.0000000E+00)
 (-0.7397767,0.0000000E+00) (6.8616040E-02,0.0000000E+00) (-0.3686378,-654.9670)
 (-0.3362036,-595.6456)
 (-9.1919722E-03,0.0000000E+00) (0.6542283,0.0000000E+00)
 (-0.7562413,0.0000000E+00) (6.5858960E-02,0.0000000E+00) (-0.3467504,-669.5441)
 (-0.3007761,-579.2261)
 (-8.1875436E-03,0.0000000E+00) (0.6377881,0.0000000E+00)
 (-0.7701684,0.0000000E+00) (6.3393570E-02,0.0000000E+00) (-0.3224704,-681.8745)
 (-0.2677166,-564.6707)
 (-7.2381310E-03,0.0000000E+00) (0.6233056,0.0000000E+00)
 (-0.7819449,0.0000000E+00) (6.1203819E-02,0.0000000E+00) (-0.2962530,-692.3010)
 (-0.2367164,-551.8484)
 (-6.3432516E-03,0.0000000E+00) (0.6106544,0.0000000E+00)
 (-0.7918718,0.0000000E+00) (5.9276260E-02,0.0000000E+00) (-0.2684587,-701.0899)
 (-0.2074976,-540.6476)
 (-5.4947841E-03,0.0000000E+00) (0.5997121,0.0000000E+00)
 (-0.8001970,0.0000000E+00) (5.7597283E-02,0.0000000E+00) (-0.2393844,-708.4606)
 (-0.1798035,-530.9597)
 (-4.6933880E-03,0.0000000E+00) (0.5903639,0.0000000E+00)
 (-0.8071236,0.0000000E+00) (5.6153771E-02,0.0000000E+00) (-0.2092752,-714.5931)
 (-0.1533991,-522.6832)
 (-3.9102454E-03,0.0000000E+00) (0.5825227,0.0000000E+00)
 (-0.8128051,0.0000000E+00) (5.4936163E-02,0.0000000E+00) (-0.1783360,-719.6233)
 (-0.1280745,-515.7410)
 (-3.1685205E-03,0.0000000E+00) (0.5761089,0.0000000E+00)
 (-0.8173668,0.0000000E+00) (5.3935405E-02,0.0000000E+00) (-0.1467359,-723.6620)
 (-0.1036337,-510.0625)
 (-2.4484168E-03,0.0000000E+00) (0.5710452,0.0000000E+00)
 (-0.8209150,0.0000000E+00) (5.3142142E-02,0.0000000E+00) (-0.1146264,-726.8035)
 (-7.9894967E-02,-505.5793)
 (-1.7304381E-03,0.0000000E+00) (0.5672930,0.0000000E+00)
 (-0.8235142,0.0000000E+00) (5.2552499E-02,0.0000000E+00)
 (-8.2138114E-02,-729.1047) (-5.6692790E-02,-502.2573)
 (-1.0378405E-03,0.0000000E+00) (0.5648143,0.0000000E+00)
 (-0.8252174,0.0000000E+00) (5.2162100E-02,0.0000000E+00)
 (-4.9385071E-02,-730.6126) (-3.3866871E-02,-500.0627)
 (-3.4512204E-04,0.0000000E+00) (0.5635780,0.0000000E+00)
 (-0.8260627,0.0000000E+00) (5.1967118E-02,0.0000000E+00)
 (-1.6478693E-02,-731.3611) (-1.1264234E-02,-498.9682)
 (3.4512204E-04,0.0000000E+00) (0.5635780,0.0000000E+00)
 (-0.8260627,0.0000000E+00) (5.1967118E-02,0.0000000E+00)
 (1.6478693E-02,-731.3611) (1.1264234E-02,-498.9682)
 (1.0378405E-03,0.0000000E+00) (0.5648143,0.0000000E+00)
 (-0.8252174,0.0000000E+00) (5.2162100E-02,0.0000000E+00)
 (4.9385071E-02,-730.6126) (3.3866871E-02,-500.0627)
 (1.7304381E-03,0.0000000E+00) (0.5672930,0.0000000E+00)
 (-0.8235142,0.0000000E+00) (5.2552499E-02,0.0000000E+00)
 (8.2138114E-02,-729.1047) (5.6692790E-02,-502.2573)
 (2.4484168E-03,0.0000000E+00) (0.5710452,0.0000000E+00)
 (-0.8209150,0.0000000E+00) (5.3142138E-02,0.0000000E+00) (0.1146264,-726.8035)
 (7.9894967E-02,-505.5793)
 (3.1685205E-03,0.0000000E+00) (0.5761089,0.0000000E+00)
 (-0.8173668,0.0000000E+00) (5.3935409E-02,0.0000000E+00) (0.1467359,-723.6620)
 (0.1036337,-510.0625)
 (3.9102454E-03,0.0000000E+00) (0.5825227,0.0000000E+00)
 (-0.8128051,0.0000000E+00) (5.4936163E-02,0.0000000E+00) (0.1783360,-719.6233)
 (0.1280745,-515.7410)
 (4.6933880E-03,0.0000000E+00) (0.5903639,0.0000000E+00)
 (-0.8071236,0.0000000E+00) (5.6153771E-02,0.0000000E+00) (0.2092752,-714.5931)
 (0.1533991,-522.6832)
 (5.4947841E-03,0.0000000E+00) (0.5997121,0.0000000E+00)
 (-0.8001970,0.0000000E+00) (5.7597283E-02,0.0000000E+00) (0.2393844,-708.4606)
 (0.1798035,-530.9597)
 (6.3432516E-03,0.0000000E+00) (0.6106544,0.0000000E+00)
 (-0.7918718,0.0000000E+00) (5.9276253E-02,0.0000000E+00) (0.2684587,-701.0899)
 (0.2074976,-540.6476)
 (7.2381310E-03,0.0000000E+00) (0.6233056,0.0000000E+00)
 (-0.7819449,0.0000000E+00) (6.1203822E-02,0.0000000E+00) (0.2962530,-692.3010)
 (0.2367164,-551.8484)
 (8.1875436E-03,0.0000000E+00) (0.6377881,0.0000000E+00)
 (-0.7701684,0.0000000E+00) (6.3393570E-02,0.0000000E+00) (0.3224704,-681.8745)
 (0.2677166,-564.6707)
 (9.1919722E-03,0.0000000E+00) (0.6542283,0.0000000E+00)
 (-0.7562413,0.0000000E+00) (6.5858960E-02,0.0000000E+00) (0.3467504,-669.5441)
 (0.3007761,-579.2261)
 (1.0285033E-02,0.0000000E+00) (0.6727738,0.0000000E+00)
 (-0.7397767,0.0000000E+00) (6.8616040E-02,0.0000000E+00) (0.3686378,-654.9670)
 (0.3362036,-595.6456)
 (1.1443733E-02,0.0000000E+00) (0.6935654,0.0000000E+00)
 (-0.7203027,0.0000000E+00) (7.1679130E-02,0.0000000E+00) (0.3875762,-637.7256)
 (0.3743283,-614.0535)
 (1.2694746E-02,0.0000000E+00) (0.7167116,0.0000000E+00)
 (-0.6972542,0.0000000E+00) (7.5057462E-02,0.0000000E+00) (0.4028738,-617.3194)
 (0.4154828,-634.5461)
 (1.4066932E-02,0.0000000E+00) (0.7423162,0.0000000E+00)
 (-0.6699021,0.0000000E+00) (7.8759439E-02,0.0000000E+00) (0.4136466,-593.1030)
 (0.4600142,-657.2154)
 (1.5533089E-02,0.0000000E+00) (0.7703944,0.0000000E+00)
 (-0.6373784,0.0000000E+00) (8.2780793E-02,0.0000000E+00) (0.4188091,-564.3079)
 (0.5082288,-682.0746)
 (1.7127572E-02,0.0000000E+00) (0.8008228,0.0000000E+00)
 (-0.5986564,0.0000000E+00) (8.7098353E-02,0.0000000E+00) (0.4170184,-530.0251)
 (0.5603374,-709.0146)
 (1.8842684E-02,0.0000000E+00) (0.8332877,0.0000000E+00)
 (-0.5525183,0.0000000E+00) (9.1663577E-02,0.0000000E+00) (0.4066308,-489.1764)
 (0.6163917,-737.7578)
 (2.0670632E-02,0.0000000E+00) (0.8671480,0.0000000E+00)
 (-0.4976214,0.0000000E+00) (9.6384726E-02,0.0000000E+00) (0.3857107,-440.5730)
 (0.6761376,-767.7362)
 (2.2582209E-02,0.0000000E+00) (0.9013033,0.0000000E+00)
 (-0.4325996,0.0000000E+00) (0.1011100,0.0000000E+00) (0.3520900,-383.0054)
 (0.7388430,-797.9759)
 (2.4546172E-02,0.0000000E+00) (0.9340687,0.0000000E+00)
 (-0.3562487,0.0000000E+00) (0.1056119,0.0000000E+00) (0.3035215,-315.4076)
 (0.8030969,-826.9850)
 (2.6485071E-02,0.0000000E+00) (0.9630941,0.0000000E+00)
 (-0.2678586,0.0000000E+00) (0.1095771,0.0000000E+00) (0.2380137,-237.1507)
 (0.8666204,-852.6829)
 (2.8302945E-02,0.0000000E+00) (0.9854347,0.0000000E+00)
 (-0.1676824,0.0000000E+00) (0.1126157,0.0000000E+00) (0.1543683,-148.4589)
 (0.9261985,-872.4623)
 (2.9882241E-02,0.0000000E+00) (0.9979049,0.0000000E+00)
 (-5.7383142E-02,0.0000000E+00) (0.1143074,0.0000000E+00)
 (5.2810255E-02,-50.80461) (0.9779069,-883.5029)
