 -0.18200909  0.00000000  0.98324311  0.00000000 -0.01027778  0.00000000
 -0.17473623  0.00000000  0.98414445  0.00000000 -0.03044642  0.00000000
 -0.16738753  0.00000000  0.98463309  0.00000000 -0.04979056  0.00000000
 -0.15997371  0.00000000  0.98475707  0.00000000 -0.06827859  0.00000000
 -0.15249667  0.00000000  0.98456347  0.00000000 -0.08590441  0.00000000
 -0.14499371  0.00000000  0.98409277  0.00000000 -0.10265578  0.00000000
 -0.13745363  0.00000000  0.98339123  0.00000000 -0.11852528  0.00000000
 -0.12991047  0.00000000  0.98249620  0.00000000 -0.13350841  0.00000000
 -0.12234990  0.00000000  0.98144960  0.00000000 -0.14760490  0.00000000
 -0.11480372  0.00000000  0.98028475  0.00000000 -0.16081634  0.00000000
 -0.10725347  0.00000000  0.97903860  0.00000000 -0.17314753  0.00000000
 -0.09972941  0.00000000  0.97773999  0.00000000 -0.18460374  0.00000000
 -0.09222312  0.00000000  0.97642165  0.00000000 -0.19518121  0.00000000
 -0.08472486  0.00000000  0.97510910  0.00000000 -0.20489992  0.00000000
 -0.07726072  0.00000000  0.97382438  0.00000000 -0.21376833  0.00000000
 -0.06980760  0.00000000  0.97259110  0.00000000 -0.22179583  0.00000000
 -0.06238990  0.00000000  0.97142714  0.00000000 -0.22899075  0.00000000
 -0.05498253  0.00000000  0.97035116  0.00000000 -0.23536262  0.00000000
 -0.04760856  0.00000000  0.96937680  0.00000000 -0.24091926  0.00000000
 -0.04024187  0.00000000  0.96851820  0.00000000 -0.24566856  0.00000000
 -0.03290468  0.00000000  0.96778542  0.00000000 -0.24961698  0.00000000
 -0.02558222  0.00000000  0.96719080  0.00000000 -0.25275970  0.00000000
 -0.01825928  0.00000000  0.96673894  0.00000000 -0.25511256  0.00000000
 -0.01095690  0.00000000  0.96643460  0.00000000 -0.25667894  0.00000000
 -0.00364774  0.00000000  0.96628159  0.00000000 -0.25746170  0.00000000
  0.00364774  0.00000000  0.96628159  0.00000000 -0.25746170  0.00000000
  0.01095690  0.00000000  0.96643460  0.00000000 -0.25667894  0.00000000
  0.01825928  0.00000000  0.96673894  0.00000000 -0.25511256  0.00000000
  0.02558223  0.00000000  0.96719080  0.00000000 -0.25275970  0.00000000
  0.03290468  0.00000000  0.96778542  0.00000000 -0.24961698  0.00000000
  0.04024187  0.00000000  0.96851820  0.00000000 -0.24566856  0.00000000
  0.04760856  0.00000000  0.96937680  0.00000000 -0.24091926  0.00000000
  0.05498253  0.00000000  0.97035116  0.00000000 -0.23536262  0.00000000
  0.06238990  0.00000000  0.97142714  0.00000000 -0.22899075  0.00000000
  0.06980760  0.00000000  0.97259110  0.00000000 -0.22179583  0.00000000
  0.07726072  0.00000000  0.97382438  0.00000000 -0.21376833  0.00000000
  0.08472486  0.00000000  0.97510910  0.00000000 -0.20489994  0.00000000
  0.09222312  0.00000000  0.97642165  0.00000000 -0.19518121  0.00000000
  0.09972941  0.00000000  0.97773999  0.00000000 -0.18460374  0.00000000
  0.10725347  0.00000000  0.97903860  0.00000000 -0.17314753  0.00000000
  0.11480372  0.00000000  0.98028475  0.00000000 -0.16081634  0.00000000
  0.12234990  0.00000000  0.98144960  0.00000000 -0.14760490  0.00000000
  0.12991047  0.00000000  0.98249620  0.00000000 -0.13350841  0.00000000
  0.13745363  0.00000000  0.98339123  0.00000000 -0.11852528  0.00000000
  0.14499371  0.00000000  0.98409277  0.00000000 -0.10265578  0.00000000
  0.15249667  0.00000000  0.98456347  0.00000000 -0.08590441  0.00000000
  0.15997371  0.00000000  0.98475707  0.00000000 -0.06827859  0.00000000
  0.16738753  0.00000000  0.98463309  0.00000000 -0.04979056  0.00000000
  0.17473623  0.00000000  0.98414445  0.00000000 -0.03044642  0.00000000
  0.18200909  0.00000000  0.98324311  0.00000000 -0.01027778  0.00000000
 -0.15852620  0.00000000  0.98701775  0.00000000 -0.02579452  0.00000000
 -0.15181263  0.00000000  0.98546743  0.00000000 -0.07620307  0.00000000
 -0.14479370  0.00000000  0.98165274  0.00000000 -0.12406711  0.00000000
 -0.13755894  0.00000000  0.97594172  0.00000000 -0.16916068  0.00000000
 -0.13018283  0.00000000  0.96870995  0.00000000 -0.21131356  0.00000000
 -0.12276374  0.00000000  0.96031159  0.00000000 -0.25046104  0.00000000
 -0.11534230  0.00000000  0.95107979  0.00000000 -0.28660673  0.00000000
 -0.10799149  0.00000000  0.94130772  0.00000000 -0.31980866  0.00000000
 -0.10072695  0.00000000  0.93125629  0.00000000 -0.35016540  0.00000000
 -0.09359980  0.00000000  0.92114389  0.00000000 -0.37780023  0.00000000
 -0.08660541  0.00000000  0.91115731  0.00000000 -0.40285459  0.00000000
 -0.07977806  0.00000000  0.90144676  0.00000000 -0.42547524  0.00000000
 -0.07310987  0.00000000  0.89212781  0.00000000 -0.44582838  0.00000000
 -0.06659022  0.00000000  0.88330740  0.00000000 -0.46404070  0.00000000
 -0.06023706  0.00000000  0.87506163  0.00000000 -0.48024854  0.00000000
 -0.05402050  0.00000000  0.86745161  0.00000000 -0.49458015  0.00000000
 -0.04795258  0.00000000  0.86052185  0.00000000 -0.50715154  0.00000000
 -0.04199987  0.00000000  0.85430789  0.00000000 -0.51806760  0.00000000
 -0.03617101  0.00000000  0.84883446  0.00000000 -0.52741987  0.00000000
 -0.03043045  0.00000000  0.84412056  0.00000000 -0.53528911  0.00000000
 -0.02478544  0.00000000  0.84017885  0.00000000 -0.54174274  0.00000000
 -0.01920929  0.00000000  0.83700973  0.00000000 -0.54685068  0.00000000
 -0.01367752  0.00000000  0.83462852  0.00000000 -0.55064338  0.00000000
 -0.00819499  0.00000000  0.83303899  0.00000000 -0.55315357  0.00000000
 -0.00272565  0.00000000  0.83224374  0.00000000 -0.55440319  0.00000000
  0.00272565  0.00000000  0.83224374  0.00000000 -0.55440319  0.00000000
  0.00819499  0.00000000  0.83303899  0.00000000 -0.55315357  0.00000000
  0.01367752  0.00000000  0.83462852  0.00000000 -0.55064338  0.00000000
  0.01920929  0.00000000  0.83700973  0.00000000 -0.54685068  0.00000000
  0.02478544  0.00000000  0.84017885  0.00000000 -0.54174274  0.00000000
  0.03043045  0.00000000  0.84412056  0.00000000 -0.53528911  0.00000000
  0.03617101  0.00000000  0.84883446  0.00000000 -0.52741987  0.00000000
  0.04199987  0.00000000  0.85430789  0.00000000 -0.51806760  0.00000000
  0.04795258  0.00000000  0.86052185  0.00000000 -0.50715154  0.00000000
  0.05402050  0.00000000  0.86745161  0.00000000 -0.49458015  0.00000000
  0.06023706  0.00000000  0.87506163  0.00000000 -0.48024854  0.00000000
  0.06659022  0.00000000  0.88330740  0.00000000 -0.46404070  0.00000000
  0.07310987  0.00000000  0.89212781  0.00000000 -0.44582838  0.00000000
  0.07977806  0.00000000  0.90144676  0.00000000 -0.42547524  0.00000000
  0.08660541  0.00000000  0.91115731  0.00000000 -0.40285459  0.00000000
  0.09359980  0.00000000  0.92114389  0.00000000 -0.37780023  0.00000000
  0.10072695  0.00000000  0.93125629  0.00000000 -0.35016540  0.00000000
  0.10799149  0.00000000  0.94130772  0.00000000 -0.31980866  0.00000000
  0.11534230  0.00000000  0.95107979  0.00000000 -0.28660673  0.00000000
  0.12276374  0.00000000  0.96031159  0.00000000 -0.25046104  0.00000000
  0.13018283  0.00000000  0.96870995  0.00000000 -0.21131356  0.00000000
  0.13755891  0.00000000  0.97594172  0.00000000 -0.16916071  0.00000000
  0.14479370  0.00000000  0.98165274  0.00000000 -0.12406711  0.00000000
  0.15181263  0.00000000  0.98546743  0.00000000 -0.07620307  0.00000000
  0.15852620  0.00000000  0.98701775  0.00000000 -0.02579452  0.00000000
 -0.12682691  0.00000000  0.99126166  0.00000000 -0.03626648  0.00000000
 -0.12111027  0.00000000  0.98687184  0.00000000 -0.10684681  0.00000000
 -0.11493170  0.00000000  0.97817379  0.00000000 -0.17310905  0.00000000
 -0.10847656  0.00000000  0.96606129  0.00000000 -0.23443204  0.00000000
 -0.10185011  0.00000000  0.95142472  0.00000000 -0.29054695  0.00000000
 -0.09522585  0.00000000  0.93507701  0.00000000 -0.34141329  0.00000000
 -0.08866541  0.00000000  0.91774201  0.00000000 -0.38715380  0.00000000
 -0.08224903  0.00000000  0.90000224  0.00000000 -0.42805496  0.00000000
 -0.07602341  0.00000000  0.88232648  0.00000000 -0.46445709  0.00000000
 -0.07002849  0.00000000  0.86508250  0.00000000 -0.49671754  0.00000000
 -0.06424420  0.00000000  0.84852910  0.00000000 -0.52523434  0.00000000
 -0.05871610  0.00000000  0.83285284  0.00000000 -0.55037129  0.00000000
 -0.05341843  0.00000000  0.81820244  0.00000000 -0.57244319  0.00000000
 -0.04831878  0.00000000  0.80464327  0.00000000 -0.59178919  0.00000000
 -0.04344360  0.00000000  0.79222250  0.00000000 -0.60868394  0.00000000
 -0.03874612  0.00000000  0.78097504  0.00000000 -0.62335926  0.00000000
 -0.03421826  0.00000000  0.77089840  0.00000000 -0.63603830  0.00000000
 -0.02984139  0.00000000  0.76198888  0.00000000 -0.64690220  0.00000000
 -0.02560667  0.00000000  0.75424427  0.00000000 -0.65609437  0.00000000
 -0.02146673  0.00000000  0.74764186  0.00000000 -0.66375506  0.00000000
 -0.01744100  0.00000000  0.74216521  0.00000000 -0.66999000  0.00000000
 -0.01349266  0.00000000  0.73781729  0.00000000 -0.67486560  0.00000000
 -0.00958621  0.00000000  0.73456687  0.00000000 -0.67846859  0.00000000
 -0.00574014  0.00000000  0.73240316  0.00000000 -0.68084705  0.00000000
 -0.00191059  0.00000000  0.73132759  0.00000000 -0.68202364  0.00000000
  0.00191059  0.00000000  0.73132759  0.00000000 -0.68202364  0.00000000
  0.00574014  0.00000000  0.73240316  0.00000000 -0.68084705  0.00000000
  0.00958621  0.00000000  0.73456687  0.00000000 -0.67846859  0.00000000
  0.01349266  0.00000000  0.73781729  0.00000000 -0.67486560  0.00000000
  0.01744100  0.00000000  0.74216521  0.00000000 -0.66999000  0.00000000
  0.02146673  0.00000000  0.74764186  0.00000000 -0.66375506  0.00000000
  0.02560667  0.00000000  0.75424427  0.00000000 -0.65609437  0.00000000
  0.02984139  0.00000000  0.76198888  0.00000000 -0.64690220  0.00000000
  0.03421826  0.00000000  0.77089840  0.00000000 -0.63603830  0.00000000
  0.03874612  0.00000000  0.78097504  0.00000000 -0.62335926  0.00000000
  0.04344354  0.00000000  0.79222256  0.00000000 -0.60868388  0.00000000
  0.04831878  0.00000000  0.80464327  0.00000000 -0.59178919  0.00000000
  0.05341840  0.00000000  0.81820250  0.00000000 -0.57244319  0.00000000
  0.05871610  0.00000000  0.83285284  0.00000000 -0.55037129  0.00000000
  0.06424420  0.00000000  0.84852910  0.00000000 -0.52523434  0.00000000
  0.07002849  0.00000000  0.86508250  0.00000000 -0.49671754  0.00000000
  0.07602341  0.00000000  0.88232648  0.00000000 -0.46445709  0.00000000
  0.08224903  0.00000000  0.90000224  0.00000000 -0.42805496  0.00000000
  0.08866541  0.00000000  0.91774201  0.00000000 -0.38715380  0.00000000
  0.09522585  0.00000000  0.93507701  0.00000000 -0.34141329  0.00000000
  0.10185011  0.00000000  0.95142472  0.00000000 -0.29054695  0.00000000
  0.10847656  0.00000000  0.96606129  0.00000000 -0.23443206  0.00000000
  0.11493170  0.00000000  0.97817379  0.00000000 -0.17310905  0.00000000
  0.12111027  0.00000000  0.98687184  0.00000000 -0.10684681  0.00000000
  0.12682691  0.00000000  0.99126166  0.00000000 -0.03626648  0.00000000
 -0.08399880  0.00000000  0.99536562  0.00000000 -0.04681388  0.00000000
 -0.07991347  0.00000000  0.98728591  0.00000000 -0.13740601  0.00000000
 -0.07535101  0.00000000  0.97231859  0.00000000 -0.22117597  0.00000000
 -0.07052985  0.00000000  0.95225263  0.00000000 -0.29705298  0.00000000
 -0.06558045  0.00000000  0.92883527  0.00000000 -0.36464262  0.00000000
 -0.06069786  0.00000000  0.90357840  0.00000000 -0.42410117  0.00000000
 -0.05593029  0.00000000  0.87768102  0.00000000 -0.47597039  0.00000000
 -0.05135679  0.00000000  0.85204160  0.00000000 -0.52094877  0.00000000
 -0.04701053  0.00000000  0.82728690  0.00000000 -0.55980921  0.00000000
 -0.04292440  0.00000000  0.80382687  0.00000000 -0.59331268  0.00000000
 -0.03903690  0.00000000  0.78191108  0.00000000 -0.62216651  0.00000000
 -0.03541752  0.00000000  0.76166785  0.00000000 -0.64699900  0.00000000
 -0.03201118  0.00000000  0.74314904  0.00000000 -0.66835976  0.00000000
 -0.02876359  0.00000000  0.72635365  0.00000000 -0.68671906  0.00000000
 -0.02572928  0.00000000  0.71124530  0.00000000 -0.70247287  0.00000000
 -0.02283462  0.00000000  0.69777226  0.00000000 -0.71595562  0.00000000
 -0.02007892  0.00000000  0.68587214  0.00000000 -0.72744501  0.00000000
 -0.01744436  0.00000000  0.67548078  0.00000000 -0.73717117  0.00000000
 -0.01493054  0.00000000  0.66653645  0.00000000 -0.74532288  0.00000000
 -0.01247122  0.00000000  0.65898168  0.00000000 -0.75205559  0.00000000
 -0.01011790  0.00000000  0.65276551  0.00000000 -0.75749242  0.00000000
 -0.00782270  0.00000000  0.64784515  0.00000000 -0.76173186  0.00000000
 -0.00554001  0.00000000  0.64418590  0.00000000 -0.76484895  0.00000000
 -0.00332107  0.00000000  0.64176095  0.00000000 -0.76689756  0.00000000
 -0.00110492  0.00000000  0.64055282  0.00000000 -0.76791328  0.00000000
  0.00110492  0.00000000  0.64055282  0.00000000 -0.76791328  0.00000000
  0.00332107  0.00000000  0.64176095  0.00000000 -0.76689756  0.00000000
  0.00554001  0.00000000  0.64418590  0.00000000 -0.76484895  0.00000000
  0.00782270  0.00000000  0.64784515  0.00000000 -0.76173186  0.00000000
  0.01011790  0.00000000  0.65276551  0.00000000 -0.75749242  0.00000000
  0.01247122  0.00000000  0.65898168  0.00000000 -0.75205559  0.00000000
  0.01493054  0.00000000  0.66653645  0.00000000 -0.74532288  0.00000000
  0.01744436  0.00000000  0.67548078  0.00000000 -0.73717117  0.00000000
  0.02007892  0.00000000  0.68587214  0.00000000 -0.72744501  0.00000000
  0.02283462  0.00000000  0.69777226  0.00000000 -0.71595562  0.00000000
  0.02572928  0.00000000  0.71124530  0.00000000 -0.70247287  0.00000000
  0.02876359  0.00000000  0.72635365  0.00000000 -0.68671906  0.00000000
  0.03201118  0.00000000  0.74314904  0.00000000 -0.66835976  0.00000000
  0.03541752  0.00000000  0.76166785  0.00000000 -0.64699900  0.00000000
  0.03903690  0.00000000  0.78191108  0.00000000 -0.62216651  0.00000000
  0.04292440  0.00000000  0.80382687  0.00000000 -0.59331268  0.00000000
  0.04701053  0.00000000  0.82728690  0.00000000 -0.55980921  0.00000000
  0.05135679  0.00000000  0.85204160  0.00000000 -0.52094877  0.00000000
  0.05593029  0.00000000  0.87768102  0.00000000 -0.47597039  0.00000000
  0.06069786  0.00000000  0.90357840  0.00000000 -0.42410117  0.00000000
  0.06558045  0.00000000  0.92883527  0.00000000 -0.36464262  0.00000000
  0.07052985  0.00000000  0.95225263  0.00000000 -0.29705298  0.00000000
  0.07535101  0.00000000  0.97231859  0.00000000 -0.22117597  0.00000000
  0.07991347  0.00000000  0.98728591  0.00000000 -0.13740601  0.00000000
  0.08399880  0.00000000  0.99536562  0.00000000 -0.04681388  0.00000000
 -0.02988224  0.00000000  0.99790490  0.00000000 -0.05738314  0.00000000
 -0.02830295  0.00000000  0.98543471  0.00000000 -0.16768241  0.00000000
 -0.02648507  0.00000000  0.96309412  0.00000000 -0.26785856  0.00000000
 -0.02454617  0.00000000  0.93406868  0.00000000 -0.35624874  0.00000000
 -0.02258221  0.00000000  0.90130329  0.00000000 -0.43259960  0.00000000
 -0.02067063  0.00000000  0.86714798  0.00000000 -0.49762145  0.00000000
 -0.01884268  0.00000000  0.83328772  0.00000000 -0.55251831  0.00000000
 -0.01712757  0.00000000  0.80082279  0.00000000 -0.59865642  0.00000000
 -0.01553309  0.00000000  0.77039438  0.00000000 -0.63737839  0.00000000
 -0.01406693  0.00000000  0.74231619  0.00000000 -0.66990209  0.00000000
 -0.01269475  0.00000000  0.71671158  0.00000000 -0.69725418  0.00000000
 -0.01144373  0.00000000  0.69356543  0.00000000 -0.72030270  0.00000000
 -0.01028503  0.00000000  0.67277384  0.00000000 -0.73977673  0.00000000
 -0.00919197  0.00000000  0.65422827  0.00000000 -0.75624132  0.00000000
 -0.00818754  0.00000000  0.63778812  0.00000000 -0.77016836  0.00000000
 -0.00723813  0.00000000  0.62330556  0.00000000 -0.78194487  0.00000000
 -0.00634325  0.00000000  0.61065441  0.00000000 -0.79187185  0.00000000
 -0.00549478  0.00000000  0.59971207  0.00000000 -0.80019701  0.00000000
 -0.00469339  0.00000000  0.59036386  0.00000000 -0.80712360  0.00000000
 -0.00391025  0.00000000  0.58252269  0.00000000 -0.81280506  0.00000000
 -0.00316852  0.00000000  0.57610887  0.00000000 -0.81736684  0.00000000
 -0.00244842  0.00000000  0.57104516  0.00000000 -0.82091504  0.00000000
 -0.00173044  0.00000000  0.56729305  0.00000000 -0.82351422  0.00000000
 -0.00103784  0.00000000  0.56481433  0.00000000 -0.82521737  0.00000000
 -0.00034512  0.00000000  0.56357801  0.00000000 -0.82606274  0.00000000
  0.00034512  0.00000000  0.56357801  0.00000000 -0.82606274  0.00000000
  0.00103784  0.00000000  0.56481433  0.00000000 -0.82521737  0.00000000
  0.00173044  0.00000000  0.56729305  0.00000000 -0.82351422  0.00000000
  0.00244842  0.00000000  0.57104516  0.00000000 -0.82091504  0.00000000
  0.00316852  0.00000000  0.57610887  0.00000000 -0.81736684  0.00000000
  0.00391025  0.00000000  0.58252269  0.00000000 -0.81280506  0.00000000
  0.00469339  0.00000000  0.59036386  0.00000000 -0.80712360  0.00000000
  0.00549478  0.00000000  0.59971207  0.00000000 -0.80019701  0.00000000
  0.00634325  0.00000000  0.61065441  0.00000000 -0.79187185  0.00000000
  0.00723813  0.00000000  0.62330556  0.00000000 -0.78194487  0.00000000
  0.00818754  0.00000000  0.63778812  0.00000000 -0.77016836  0.00000000
  0.00919197  0.00000000  0.65422827  0.00000000 -0.75624132  0.00000000
  0.01028503  0.00000000  0.67277384  0.00000000 -0.73977673  0.00000000
  0.01144373  0.00000000  0.69356543  0.00000000 -0.72030270  0.00000000
  0.01269475  0.00000000  0.71671158  0.00000000 -0.69725418  0.00000000
  0.01406693  0.00000000  0.74231619  0.00000000 -0.66990209  0.00000000
  0.01553309  0.00000000  0.77039438  0.00000000 -0.63737839  0.00000000
  0.01712757  0.00000000  0.80082279  0.00000000 -0.59865642  0.00000000
  0.01884268  0.00000000  0.83328772  0.00000000 -0.55251831  0.00000000
  0.02067063  0.00000000  0.86714798  0.00000000 -0.49762145  0.00000000
  0.02258221  0.00000000  0.90130329  0.00000000 -0.43259960  0.00000000
  0.02454617  0.00000000  0.93406868  0.00000000 -0.35624874  0.00000000
  0.02648507  0.00000000  0.96309412  0.00000000 -0.26785856  0.00000000
  0.02830295  0.00000000  0.98543471  0.00000000 -0.16768241  0.00000000
  0.02988224  0.00000000  0.99790490  0.00000000 -0.05738314  0.00000000
