           1 -2.9106017E-02 -6.6516205E-04  2.9072210E-02  7.3572400E-04
  3.9896386E-05 -2.9156044E-02  3.9897339E-05  2.9116105E-02  0.6875428    
  0.1197854     -0.7161958     -0.7029634     -0.1374205     -0.6978238    
 -0.1820091      0.9832431     -1.0277777E-02  1.6950852E-03  2.3919537E-07
  5.7649987E-09  2.3983017E-07  5.8288988E-02  4.0761098E-02
           2 -2.9038979E-02 -7.2406395E-04  2.9012093E-02  7.8089384E-04
  4.0811210E-05 -2.9193491E-02  4.0812982E-05  2.9152729E-02  0.6890478    
  0.1001360     -0.7177646     -0.7033352     -0.1463985     -0.6956199    
 -0.1747362      0.9841444     -3.0446421E-02  1.6935302E-03  2.3795447E-07
  6.1956138E-09  2.4021972E-07  5.8365624E-02  4.0870618E-02
           3 -2.8985053E-02 -7.9177844E-04  2.8964620E-02  8.3612709E-04
  4.1252562E-05 -2.9230330E-02  4.1250736E-05  2.9189060E-02  0.6902544    
  8.0984041E-02 -0.7190204     -0.7039391     -0.1547232     -0.6932031    
 -0.1673875      0.9846331     -4.9790561E-02  1.6926923E-03  2.3703433E-07
  6.7069941E-09  2.4070346E-07  5.8442067E-02  4.0979706E-02
           4 -2.8943291E-02 -8.6696341E-04  2.8928684E-02  9.0003206E-04
  4.1341464E-05 -2.9265929E-02  4.1342548E-05  2.9224530E-02  0.6911812    
  6.2361784E-02 -0.7199858     -0.7047531     -0.1623717     -0.6906218    
 -0.1599737      0.9847571     -6.8278588E-02  1.6924792E-03  2.3640320E-07
  7.2881168E-09  2.4125910E-07  5.8517147E-02  4.1086707E-02
           5 -2.8912712E-02 -9.4830256E-04  2.8903285E-02  9.7114127E-04
  4.1155188E-05 -2.9299822E-02  4.1154708E-05  2.9258696E-02  0.6918494    
  4.4278387E-02 -0.7206829     -0.7057543     -0.1693347     -0.6879219    
 -0.1524967      0.9845635     -8.5904412E-02  1.6928095E-03  2.3603226E-07
  7.9277775E-09  2.4186807E-07  5.8589969E-02  4.1190356E-02
           6 -2.8892381E-02 -1.0340427E-03  2.8887661E-02  1.0479195E-03
  4.0564159E-05 -2.9331842E-02  4.0564275E-05  2.9291220E-02  0.6922809    
  2.6773972E-02 -0.7211313     -0.7069116     -0.1756261     -0.6851507    
 -0.1449937      0.9840928     -0.1026558      1.6936215E-03  2.3589803E-07
  8.6127230E-09  2.4251779E-07  5.8660023E-02  4.1289940E-02
           7 -2.8881367E-02 -1.1232817E-03  2.8880728E-02  1.1291162E-03
  3.9749673E-05 -2.9361388E-02  3.9748891E-05  2.9321643E-02  0.6924950    
  9.8507004E-03 -0.7213554     -0.7082070     -0.1812311     -0.6823475    
 -0.1374536      0.9833912     -0.1185253      1.6948273E-03  2.3597167E-07
  9.3340384E-09  2.4318720E-07  5.8726244E-02  4.1383967E-02
           8 -2.8878801E-02 -1.2143616E-03  2.8881734E-02  1.2132811E-03
  3.8599177E-05 -2.9388381E-02  3.8598369E-05  2.9349782E-02  0.6925147    
 -6.4577335E-03 -0.7213749     -0.7096102     -0.1861707     -0.6795542    
 -0.1299105      0.9824962     -0.1335084      1.6963739E-03  2.3623235E-07
  1.0078963E-08  2.4386662E-07  5.8788307E-02  4.1471992E-02
           9 -2.8883789E-02 -1.3063586E-03  2.8889723E-02  1.2993491E-03
  3.7296224E-05 -2.9412420E-02  3.7296370E-05  2.9375169E-02  0.6923591    
 -2.2155456E-02 -0.7212128     -0.7111043     -0.1904359     -0.6768049    
 -0.1223499      0.9814496     -0.1476049      1.6981828E-03  2.3665369E-07
  1.0838939E-08  2.4453766E-07  5.8845311E-02  4.1552756E-02
          10 -2.8895376E-02 -1.3980421E-03  2.8903952E-02  1.3860975E-03
  3.5612331E-05 -2.9433379E-02  3.5612215E-05  2.9397694E-02  0.6920489    
 -3.7214920E-02 -0.7208907     -0.7126629     -0.1940537     -0.6741326    
 -0.1148037      0.9802848     -0.1608163      1.7001983E-03  2.3721407E-07
  1.1603513E-08  2.4519014E-07  5.8896910E-02  4.1625801E-02
          11 -2.8912961E-02 -1.4884050E-03  2.8923554E-02  1.4723070E-03
  3.3877339E-05 -2.9451011E-02  3.3876375E-05  2.9417148E-02  0.6916050    
 -5.1645719E-02 -0.7204272     -0.7142683     -0.1970180     -0.6715688    
 -0.1072535      0.9790386     -0.1731475      1.7023647E-03  2.3789336E-07
  1.2362948E-08  2.4581209E-07  5.8942568E-02  4.1690379E-02
          12 -2.8935593E-02 -1.5764218E-03  2.8947756E-02  1.5571303E-03
  3.1888816E-05 -2.9465262E-02  3.1888911E-05  2.9433399E-02  0.6910454    
 -6.5424748E-02 -0.7198443     -0.7158982     -0.1993592     -0.6691380    
 -9.9729411E-02  0.9777400     -0.1846037      1.7046259E-03  2.3866903E-07
  1.3108847E-08  2.4639368E-07  5.8981959E-02  4.1746050E-02
          13 -2.8962515E-02 -1.6611359E-03  2.8975831E-02  1.6395861E-03
  2.9747207E-05 -2.9475972E-02  2.9748102E-05  2.9446185E-02  0.6903894    
 -7.8548901E-02 -0.7191610     -0.7175356     -0.2010743     -0.6668671    
 -9.2223115E-02  0.9764217     -0.1951812      1.7069262E-03  2.3952057E-07
  1.3832331E-08  2.4692301E-07  5.9014533E-02  4.1792061E-02
          14 -2.8993053E-02 -1.7419509E-03  2.9007088E-02  1.7187158E-03
  2.7553273E-05 -2.9483076E-02  2.7553160E-05  2.9455530E-02  0.6896533    
 -9.1034181E-02 -0.7183948     -0.7191662     -0.2021758     -0.6647744    
 -8.4724858E-02  0.9751091     -0.2048999      1.7092237E-03  2.4043021E-07
  1.4526178E-08  2.4739336E-07  5.9040118E-02  4.1828182E-02
          15 -2.9026495E-02 -1.8179239E-03  2.9040836E-02  1.7938642E-03
  2.5190115E-05 -2.9486630E-02  2.5191854E-05  2.9461445E-02  0.6888554    
 -0.1028634     -0.7175635     -0.7207698     -0.2026949     -0.6628768    
 -7.7260718E-02  0.9738244     -0.2137683      1.7114787E-03  2.4137975E-07
  1.5182939E-08  2.4779931E-07  5.9058622E-02  4.1854292E-02
          16 -2.9062202E-02 -1.8885134E-03  2.9076520E-02  1.8643010E-03
  2.2828530E-05 -2.9486611E-02  2.2826303E-05  2.9463755E-02  0.6880100    
 -0.1140550     -0.7166824     -0.7223359     -0.2026276     -0.6611905    
 -6.9807604E-02  0.9725911     -0.2217958      1.7136494E-03  2.4235243E-07
  1.5796381E-08  2.4813281E-07  5.9069701E-02  4.1869923E-02
          17 -2.9099530E-02 -1.9530775E-03  2.9113410E-02  1.9293721E-03
  2.0339241E-05 -2.9483067E-02  2.0340876E-05  2.9462704E-02  0.6871328    
 -0.1245943     -0.7157686     -0.7238480     -0.2020038     -0.6597261    
 -6.2389903E-02  0.9714271     -0.2289907      1.7157033E-03  2.4333104E-07
  1.6360334E-08  2.4839142E-07  5.9073493E-02  4.1875273E-02
          18 -2.9137900E-02 -2.0112693E-03  2.9151069E-02  1.9885257E-03
  1.7879596E-05 -2.9475993E-02  1.7878016E-05  2.9458132E-02  0.6862361    
 -0.1345023     -0.7148351     -0.7252979     -0.2008178     -0.6584947    
 -5.4982532E-02  0.9703512     -0.2353626      1.7176046E-03  2.4430079E-07
  1.6870144E-08  2.4856840E-07  5.9069701E-02  4.1869923E-02
          19 -2.9176755E-02 -2.0624029E-03  2.9188879E-02  2.0413043E-03
  1.5335525E-05 -2.9465601E-02  1.5335165E-05  2.9450295E-02  0.6853347    
 -0.1437661     -0.7138962     -0.7266704     -0.1990979     -0.6575030    
 -4.7608562E-02  0.9693768     -0.2409193      1.7193320E-03  2.4524755E-07
  1.7320446E-08  2.4866443E-07  5.9058640E-02  4.1854322E-02
          20 -2.9215593E-02 -2.1062966E-03  2.9226454E-02  2.0872774E-03
  1.2865509E-05 -2.9451922E-02  1.2863678E-05  2.9439077E-02  0.6844386    
 -0.1524075     -0.7129627     -0.7279591     -0.1968360     -0.6567581    
 -4.0241867E-02  0.9685182     -0.2456686      1.7208552E-03  2.4615829E-07
  1.7707922E-08  2.4867441E-07  5.9040118E-02  4.1828182E-02
          21 -2.9253913E-02 -2.1424915E-03  2.9263224E-02  2.1261196E-03
  1.0342239E-05 -2.9435163E-02  1.0343309E-05  2.9424822E-02  0.6835606    
 -0.1604146     -0.7120479     -0.7291517     -0.1940580     -0.6562616    
 -3.2904685E-02  0.9677854     -0.2496170      1.7221589E-03  2.4702041E-07
  1.8028915E-08  2.4860071E-07  5.9014566E-02  4.1792106E-02
          22 -2.9291235E-02 -2.1707530E-03  2.9298753E-02  2.1574581E-03
  7.8803369E-06 -2.9415403E-02  7.8813464E-06  2.9407522E-02  0.6827103    
 -0.1677931     -0.7111624     -0.7302411     -0.1907548     -0.6560187    
 -2.5582219E-02  0.9671908     -0.2527597      1.7232172E-03  2.4782162E-07
  1.8280344E-08  2.4844030E-07  5.8981948E-02  4.1746035E-02
          23 -2.9327208E-02 -2.1910341E-03  2.9332800E-02  2.1810941E-03
  5.5459182E-06 -2.9392861E-02  5.5463097E-06  2.9387312E-02  0.6818956    
 -0.1745652     -0.7103136     -0.7312216     -0.1869299     -0.6560276    
 -1.8259283E-02  0.9667389     -0.2551126      1.7240227E-03  2.4855464E-07
  1.8461023E-08  2.4819525E-07  5.8942556E-02  4.1690357E-02
          24 -2.9361414E-02 -2.2031108E-03  2.9364850E-02  2.1969716E-03
  3.2287696E-06 -2.9367786E-02  3.2261617E-06  2.9364558E-02  0.6811262    
 -0.1807197     -0.7095121     -0.7320840     -0.1826048     -0.6562838    
 -1.0956898E-02  0.9664346     -0.2566789      1.7245656E-03  2.4920948E-07
  1.8569779E-08  2.4786954E-07  5.8896936E-02  4.1625835E-02
          25 -2.9393546E-02 -2.2070480E-03  2.9394746E-02  2.2048925E-03
  1.0654994E-06 -2.9340370E-02  1.0676772E-06  2.9339300E-02  0.6804076    
 -0.1862786     -0.7087636     -0.7328248     -0.1777643     -0.6567858    
 -3.6477363E-03  0.9662816     -0.2574617      1.7248387E-03  2.4978027E-07
  1.8606068E-08  2.4746433E-07  5.8845297E-02  4.1552737E-02
          26 -2.9423261E-02 -2.2027262E-03  2.9422037E-02  2.2049448E-03
 -1.0355182E-06 -2.9310897E-02 -1.0355591E-06  2.9311929E-02  0.6797485    
 -0.1912302     -0.7080770     -0.7334362     -0.1724263     -0.6575260    
  3.6477363E-03  0.9662816     -0.2574617      1.7248387E-03  2.5025943E-07
  1.8570056E-08  2.4698511E-07  5.8845297E-02  4.1552737E-02
          27 -2.9450309E-02 -2.1903226E-03  2.9446628E-02  2.1970135E-03
 -2.9404150E-06 -2.9279603E-02 -2.9407834E-06  2.9282548E-02  0.6791524    
 -0.1955958     -0.7074562     -0.7339154     -0.1665726     -0.6584995    
  1.0956898E-02  0.9664346     -0.2566789      1.7245656E-03  2.5064389E-07
  1.8462330E-08  2.4643509E-07  5.8896936E-02  4.1625835E-02
          28 -2.9474413E-02 -2.1698468E-03  2.9468143E-02  2.1813239E-03
 -4.7489580E-06 -2.9246826E-02 -4.7501399E-06  2.9251579E-02  0.6786268    
 -0.1993635     -0.7069086     -0.7342562     -0.1602186     -0.6596952    
  1.8259283E-02  0.9667389     -0.2551126      1.7240228E-03  2.5092848E-07
  1.8284462E-08  2.4582150E-07  5.8942556E-02  4.1690357E-02
          29 -2.9495390E-02 -2.1415874E-03  2.9486554E-02  2.1578593E-03
 -6.3405514E-06 -2.9212842E-02 -6.3424955E-06  2.9219184E-02  0.6781737    
 -0.2025535     -0.7064365     -0.7344562     -0.1533428     -0.6611052    
  2.5582230E-02  0.9671908     -0.2527597      1.7232173E-03  2.5111260E-07
  1.8038184E-08  2.4514935E-07  5.8981948E-02  4.1746035E-02
          30 -2.9513033E-02 -2.1056654E-03  2.9501531E-02  2.1269666E-03
 -7.7916884E-06 -2.9178035E-02 -7.7921759E-06  2.9185822E-02  0.6777989    
 -0.2051528     -0.7060460     -0.7345107     -0.1459579     -0.6627144    
  3.2904685E-02  0.9677854     -0.2496170      1.7221587E-03  2.5119371E-07
  1.7726268E-08  2.4442744E-07  5.9014566E-02  4.1792106E-02
          31 -2.9527150E-02 -2.0623389E-03  2.9512968E-02  2.0887551E-03
 -9.0167186E-06 -2.9142702E-02 -9.0172325E-06  2.9151734E-02  0.6775053    
 -0.2071642     -0.7057405     -0.7344162     -0.1380414     -0.6645129    
  4.0241867E-02  0.9685182     -0.2456686      1.7208552E-03  2.5117080E-07
  1.7350981E-08  2.4366176E-07  5.9040118E-02  4.1828182E-02
          32 -2.9537689E-02 -2.0120591E-03  2.9520949E-02  2.0434945E-03
 -9.9927302E-06 -2.9107299E-02 -9.9944455E-06  2.9117262E-02  0.6772933    
 -0.2086063     -0.7055191     -0.7341711     -0.1295843     -0.6664838    
  4.7608562E-02  0.9693768     -0.2409193      1.7193315E-03  2.5104885E-07
  1.6916344E-08  2.4286274E-07  5.9058640E-02  4.1854322E-02
          33 -2.9544529E-02 -1.9551793E-03  2.9525170E-02  1.9917483E-03
 -1.0739662E-05 -2.9072233E-02 -1.0740672E-05  2.9082950E-02  0.6771660    
 -0.2094644     -0.7053871     -0.7337732     -0.1205956     -0.6686057    
  5.4982532E-02  0.9703512     -0.2353626      1.7176046E-03  2.5082812E-07
  1.6427133E-08  2.4204098E-07  5.9069701E-02  4.1869923E-02
          34 -2.9547684E-02 -1.8921958E-03  2.9525809E-02  1.9337003E-03
 -1.1157874E-05 -2.9037951E-02 -1.1158133E-05  2.9049128E-02  0.6771230    
 -0.2097557     -0.7053418     -0.7332202     -0.1110487     -0.6708623    
  6.2389903E-02  0.9714271     -0.2289907      1.7157034E-03  2.5051520E-07
  1.5887164E-08  2.4120715E-07  5.9073493E-02  4.1875273E-02
          35 -2.9547025E-02 -1.8235996E-03  2.9522676E-02  1.8700679E-03
 -1.1357471E-05 -2.9004941E-02 -1.1356620E-05  2.9016327E-02  0.6771660    
 -0.2094644     -0.7053871     -0.7325115     -0.1009512     -0.6732278    
  6.9807604E-02  0.9725911     -0.2217958      1.7136495E-03  2.5011229E-07
  1.5302380E-08  2.4037277E-07  5.9069701E-02  4.1869923E-02
          36 -2.9542616E-02 -1.7500009E-03  2.9516004E-02  1.8011663E-03
 -1.1238034E-05 -2.8973704E-02 -1.1235431E-05  2.8984938E-02  0.6772930    
 -0.2086062     -0.7055194     -0.7316453     -9.0274863E-02 -0.6756815    
  7.7260718E-02  0.9738244     -0.2137683      1.7114787E-03  2.4962856E-07
  1.4677538E-08  2.3955033E-07  5.9058622E-02  4.1854292E-02
          37 -2.9534489E-02 -1.6719376E-03  2.9505627E-02  1.7277698E-03
 -1.0790101E-05 -2.8944818E-02 -1.0790714E-05  2.8955599E-02  0.6775053    
 -0.2071642     -0.7057405     -0.7306219     -7.9027027E-02 -0.6781935    
  8.4724858E-02  0.9751091     -0.2048999      1.7092236E-03  2.4906890E-07
  1.4018931E-08  2.3875427E-07  5.9040118E-02  4.1828182E-02
          38 -2.9522721E-02 -1.5901704E-03  2.9491814E-02  1.6503599E-03
 -9.9475465E-06 -2.8918866E-02 -9.9476501E-06  2.8928790E-02  0.6777985    
 -0.2051529     -0.7060464     -0.7294409     -6.7179725E-02 -0.6807370    
  9.2223123E-02  0.9764217     -0.1951812      1.7069263E-03  2.4844428E-07
  1.3332437E-08  2.3799902E-07  5.9014533E-02  4.1792061E-02
          39 -2.9507400E-02 -1.5054243E-03  2.9474558E-02  1.5697588E-03
 -8.7861326E-06 -2.8896423E-02 -8.7850540E-06  2.8905181E-02  0.6781738    
 -0.2025535     -0.7064363     -0.7281032     -5.4740939E-02 -0.6832783    
  9.9729411E-02  0.9777400     -0.1846037      1.7046259E-03  2.4776222E-07
  1.2625042E-08  2.3729997E-07  5.8981959E-02  4.1746050E-02
          40 -2.9488599E-02 -1.4184763E-03  2.9453969E-02  1.4866772E-03
 -7.1882073E-06 -2.8878164E-02 -7.1885033E-06  2.8885340E-02  0.6786271    
 -0.1993635     -0.7069084     -0.7266099     -4.1684218E-02 -0.6857845    
  0.1072535      0.9790386     -0.1731475      1.7023645E-03  2.4703189E-07
  1.1903310E-08  2.3667285E-07  5.8942568E-02  4.1690379E-02
          41 -2.9466523E-02 -1.3303120E-03  2.9430391E-02  1.4019427E-03
 -5.1660131E-06 -2.8864801E-02 -5.1654238E-06  2.8869912E-02  0.6791521    
 -0.1955960     -0.7074565     -0.7249638     -2.8000129E-02 -0.6882176    
  0.1148037      0.9802848     -0.1608163      1.7001982E-03  2.4626738E-07
  1.1175052E-08  2.3613607E-07  5.8896910E-02  4.1625801E-02
          42 -2.9441459E-02 -1.2417742E-03  2.9403852E-02  1.3164757E-03
 -2.6327739E-06 -2.8857065E-02 -2.6333157E-06  2.8859777E-02  0.6797487    
 -0.1912302     -0.7080768     -0.7231682     -1.3701102E-02 -0.6905360    
  0.1223499      0.9814496     -0.1476049      1.6981828E-03  2.4548038E-07
  1.0447694E-08  2.3571016E-07  5.8845311E-02  4.1552756E-02
          43 -2.9413460E-02 -1.1539746E-03  2.9374849E-02  1.2312268E-03
  2.5711114E-07 -2.8855763E-02  2.5733715E-07  2.8855504E-02  0.6804078    
 -0.1862786     -0.7087634     -0.7212271      1.2356250E-03 -0.6926976    
  0.1299105      0.9824962     -0.1335084      1.6963738E-03  2.4468440E-07
  9.7296189E-09  2.3541359E-07  5.8788307E-02  4.1471992E-02
          44 -2.9382866E-02 -1.0679987E-03  2.9343376E-02  1.1474161E-03
  3.6771539E-06 -2.8861640E-02  3.6761198E-06  2.8857952E-02  0.6811259    
 -0.1807199     -0.7095124     -0.7191482      1.6794421E-02 -0.6946537    
  0.1374536      0.9833912     -0.1185253      1.6948275E-03  2.4389124E-07
  9.0300381E-09  2.3526687E-07  5.8726244E-02  4.1383967E-02
          45 -2.9350026E-02 -9.8486932E-04  2.9309999E-02  1.0658598E-03
  7.6117271E-06 -2.8875662E-02  7.6128681E-06  2.8867980E-02  0.6818958    
 -0.1745652     -0.7103134     -0.7169344      3.2990426E-02 -0.6963596    
  0.1449937      0.9840928     -0.1026558      1.6936217E-03  2.4311950E-07
  8.3562384E-09  2.3529547E-07  5.8660023E-02  4.1289940E-02
          46 -2.9315159E-02 -9.0606423E-04  2.9274806E-02  9.8802254E-04
  1.2086296E-05 -2.8898541E-02  1.2087169E-05  2.8886423E-02  0.6827101    
 -0.1677932     -0.7111627     -0.7145990      4.9802125E-02 -0.6977593    
  0.1524967      0.9845635     -8.5904412E-02  1.6928095E-03  2.4237997E-07
  7.7196880E-09  2.3551938E-07  5.8589969E-02  4.1190356E-02
          47 -2.9278722E-02 -8.3261152E-04  2.9238423E-02  9.1489899E-04
  1.7109654E-05 -2.8931383E-02  1.7110251E-05  2.8914202E-02  0.6835607    
 -0.1604145     -0.7120477     -0.7121469      6.7236349E-02 -0.6988034    
  0.1599737      0.9847571     -6.8278588E-02  1.6924792E-03  2.4169361E-07
  7.1282669E-09  2.3596783E-07  5.8517147E-02  4.1086707E-02
          48 -2.9241042E-02 -7.6614320E-04  2.9201025E-02  8.4804813E-04
  2.2740818E-05 -2.8974956E-02  2.2741995E-05  2.8952233E-02  0.6844388    
 -0.1524074     -0.7129624     -0.7095948      8.5262433E-02 -0.6994323    
  0.1673875      0.9846331     -4.9790561E-02  1.6926924E-03  2.4107317E-07
  6.5944459E-09  2.3666399E-07  5.8442067E-02  4.0979706E-02
          49 -2.9202456E-02 -7.0797198E-04  2.9163171E-02  7.8887399E-04
  2.8931037E-05 -2.9030373E-02  2.8931025E-05  2.9001394E-02  0.6853343    
 -0.1437678     -0.7138962     -0.7069542      0.1038776     -0.6995893    
  0.1747362      0.9841444     -3.0446421E-02  1.6935302E-03  2.4053674E-07
  6.1289986E-09  2.3763701E-07  5.8365624E-02  4.0870618E-02
          50 -2.9163608E-02 -6.5963133E-04  2.9125379E-02  7.3859218E-04
  3.5750883E-05 -2.9098567E-02  3.5752302E-05  2.9062856E-02  0.6862364    
 -0.1345020     -0.7148349     -0.7042388      0.1230535     -0.6992178    
  0.1820091      0.9832431     -1.0277777E-02  1.6950852E-03  2.4010595E-07
  5.7431042E-09  2.3891943E-07  5.8288988E-02  4.0761098E-02
          51 -2.2776673E-02  1.3303242E-02  2.2705028E-02 -1.3234084E-02
  3.4589528E-05 -1.8580381E-02  3.4589470E-05  1.8545777E-02  0.8794737    
  0.1292828     -0.4580523     -0.4487710     -9.5298886E-02 -0.8885509    
 -0.1585262      0.9870178     -2.5794519E-02  8.4428041E-04  9.7543420E-08
 -3.4658978E-08  4.8488431E-08  4.5635305E-02  4.0602554E-02
          52 -2.2698956E-02  1.3269498E-02  2.2630099E-02 -1.3233561E-02
  4.7693044E-05 -1.8678708E-02  4.7694113E-05  1.8631052E-02  0.8824353    
  0.1004014     -0.4595948     -0.4452648     -0.1370166     -0.8848535    
 -0.1518126      0.9854674     -7.6203071E-02  8.4560807E-04  9.7144472E-08
 -3.4840038E-08  4.9046470E-08  4.5764945E-02  4.0748209E-02
          53 -2.2641864E-02  1.3204510E-02  2.2576373E-02 -1.3197784E-02
  5.8829279E-05 -1.8802689E-02  5.8828624E-05  1.8743904E-02  0.8845993    
  7.2249644E-02 -0.4607212     -0.4433044     -0.1764592     -0.8788307    
 -0.1447937      0.9816527     -0.1240671      8.4889540E-04  9.6978624E-08
 -3.5063533E-08  4.9864500E-08  4.5900192E-02  4.0900048E-02
          54 -2.2603510E-02  1.3111990E-02  2.2542082E-02 -1.3130561E-02
  6.7973269E-05 -1.8947536E-02  6.7973226E-05  1.8879546E-02  0.8860227    
  4.4899207E-02 -0.4614626     -0.4427654     -0.2133585     -0.8708828    
 -0.1375589      0.9759417     -0.1691607      8.5386302E-04  9.7013341E-08
 -3.5317033E-08  5.0908753E-08  4.6038676E-02  4.1055396E-02
          55 -2.2582253E-02  1.2995807E-02  2.2525409E-02 -1.3035838E-02
  7.5147917E-05 -1.9108329E-02  7.5148710E-05  1.9033130E-02  0.8867664    
  1.8422931E-02 -0.4618506     -0.4435062     -0.2475108     -0.8614178    
 -0.1301828      0.9687099     -0.2113136      8.6023606E-04  9.7219427E-08
 -3.5587817E-08  5.2145015E-08  4.6178106E-02  4.1211691E-02
          56 -2.2576563E-02  1.2859926E-02  2.2524634E-02 -1.2917948E-02
  8.0588179E-05 -1.9280601E-02  8.0589634E-05  1.9199993E-02  0.8868949    
 -7.0952098E-03 -0.4619167     -0.4453610     -0.2788393     -0.8508244    
 -0.1227637      0.9603116     -0.2504610      8.6776039E-04  9.7573178E-08
 -3.5865039E-08  5.3540877E-08  4.6316896E-02  4.1367147E-02
          57 -2.2584554E-02  1.2707911E-02  2.2538027E-02 -1.2780483E-02
  8.4187704E-05 -1.9459933E-02  8.4188337E-05  1.9375712E-02  0.8864734    
 -3.1624932E-02 -0.4616978     -0.4481754     -0.3073225     -0.8394592    
 -0.1153423      0.9510798     -0.2866067      8.7618222E-04  9.8048666E-08
 -3.6136672E-08  5.5062827E-08  4.6452831E-02  4.1519292E-02
          58 -2.2604931E-02  1.2543591E-02  2.2563759E-02 -1.2627577E-02
  8.6368469E-05 -1.9642599E-02  8.6369328E-05  1.9556213E-02  0.8855696    
 -5.5104472E-02 -0.4612266     -0.4517790     -0.3330214     -0.8276427    
 -0.1079915      0.9413077     -0.3198087      8.8527950E-04  9.8627375E-08
 -3.6394511E-08  5.6679983E-08  4.6584703E-02  4.1666780E-02
          59 -2.2635907E-02  1.2370152E-02  2.2600302E-02 -1.2462669E-02
  8.6969696E-05 -1.9824872E-02  8.6969892E-05  1.9737890E-02  0.8842478    
 -7.7526376E-02 -0.4605381     -0.4560261     -0.3560216     -0.8156524    
 -0.1007270      0.9312563     -0.3501654      8.9483464E-04  9.9288549E-08
 -3.6629714E-08  5.8360563E-08  4.6710614E-02  4.1807503E-02
          60 -2.2676155E-02  1.2190900E-02  2.2645820E-02 -1.2289381E-02
  8.6463711E-05 -2.0003891E-02  8.6463413E-05  1.9917453E-02  0.8825732    
 -9.8848306E-02 -0.4596667     -0.4607641     -0.3764611     -0.8037248    
 -9.3599804E-02  0.9211439     -0.3778002      9.0465706E-04  1.0001582E-07
 -3.6836887E-08  6.0075486E-08  4.6829455E-02  4.1940242E-02
          61 -2.2724200E-02  1.2008974E-02  2.2699064E-02 -1.2110832E-02
  8.4674866E-05 -2.0176815E-02  8.4674844E-05  2.0092139E-02  0.8806065    
 -0.1190800     -0.4586416     -0.4658666     -0.3944772     -0.7920581    
 -8.6605407E-02  0.9111573     -0.4028546      9.1457361E-04  1.0079473E-07
 -3.7011784E-08  6.1796172E-08  4.6939895E-02  4.2063519E-02
          62 -2.2778668E-02  1.1826971E-02  2.2758322E-02 -1.1930229E-02
  8.2041297E-05 -2.0341577E-02  8.2041719E-05  2.0259511E-02  0.8784072    
 -0.1381953     -0.4574963     -0.4712072     -0.4102387     -0.7808124    
 -7.9778060E-02  0.9014468     -0.4254752      9.2442567E-04  1.0161024E-07
 -3.7151999E-08  6.3496309E-08  4.7040969E-02  4.2176284E-02
          63 -2.2838304E-02  1.1647293E-02  2.2822322E-02 -1.1750150E-02
  7.8563789E-05 -2.0496318E-02  7.8564473E-05  2.0417759E-02  0.8760281    
 -0.1562177     -0.4562574     -0.4766862     -0.4239151     -0.7701080    
 -7.3109873E-02  0.8921278     -0.4458284      9.3408121E-04  1.0245016E-07
 -3.7256630E-08  6.5152356E-08  4.7131751E-02  4.2277515E-02
          64 -2.2901867E-02  1.1472533E-02  2.2889862E-02 -1.1573036E-02
  7.4199976E-05 -2.0639269E-02  7.4199736E-05  2.0565059E-02  0.8735200    
 -0.1731537     -0.4549512     -0.4822121     -0.4356441     -0.7600564    
 -6.6590220E-02  0.8833074     -0.4640407      9.4340870E-04  1.0330214E-07
 -3.7325762E-08  6.6739688E-08  4.7211170E-02  4.2366035E-02
          65 -2.2968126E-02  1.1304661E-02  2.2959596E-02 -1.1401500E-02
  6.9348534E-05 -2.0769399E-02  6.9347974E-05  2.0700041E-02  0.8709335    
 -0.1889926     -0.4536040     -0.4876949     -0.4455883     -0.7507361    
 -6.0237065E-02  0.8750616     -0.4802485      9.5229846E-04  1.0415432E-07
 -3.7361509E-08  6.8238066E-08  4.7278792E-02  4.2441376E-02
          66 -2.3036074E-02  1.1145675E-02  2.3030499E-02 -1.1237230E-02
  6.3842199E-05 -2.0885509E-02  6.3842308E-05  2.0821648E-02  0.8683084    
 -0.2037704     -0.4522368     -0.4930743     -0.4538782     -0.7422077    
 -5.4020502E-02  0.8674516     -0.4945801      9.6065295E-04  1.0499600E-07
 -3.7365787E-08  6.9627944E-08  4.7333721E-02  4.2502556E-02
          67 -2.3104616E-02  1.0997061E-02  2.3101421E-02 -1.1082451E-02
  5.8051395E-05 -2.0987095E-02  5.8049562E-05  2.0929057E-02  0.8656881    
 -0.2174824     -0.4508718     -0.4982816     -0.4606556     -0.7345147    
 -4.7952585E-02  0.8605219     -0.5071515      9.6838962E-04  1.0581653E-07
 -3.7342446E-08  7.0893684E-08  4.7375824E-02  4.2549439E-02
          68 -2.3172790E-02  1.0860403E-02  2.3171552E-02 -1.0938314E-02
  5.1728221E-05 -2.1073360E-02  5.1728122E-05  2.1021642E-02  0.8631041    
 -0.2301684     -0.4495262     -0.5032766     -0.4660263     -0.7276896    
 -4.1999873E-02  0.8543079     -0.5180676      9.7543251E-04  1.0660564E-07
 -3.7294239E-08  7.2019759E-08  4.7404360E-02  4.2581208E-02
          69 -2.3239674E-02  1.0736904E-02  2.3239901E-02 -1.0806577E-02
  4.5277895E-05 -2.1144239E-02  4.5277051E-05  2.1098955E-02  0.8605929    
 -0.2418266     -0.4482184     -0.5080074     -0.4701063     -0.7217538    
 -3.6171012E-02  0.8488345     -0.5274199      9.8172284E-04  1.0735416E-07
 -3.7225949E-08  7.2995256E-08  4.7419500E-02  4.2598065E-02
          70 -2.3304576E-02  1.0627657E-02  2.3305751E-02 -1.0688097E-02
  3.8465452E-05 -2.1199187E-02  3.8466871E-05  2.1160724E-02  0.8581787    
 -0.2524978     -0.4469610     -0.5124483     -0.4729750     -0.7167227    
 -3.0430455E-02  0.8441206     -0.5352891      9.8720461E-04  1.0805282E-07
 -3.7140548E-08  7.3808863E-08  4.7420707E-02  4.2599410E-02
          71 -2.3366582E-02  1.0533503E-02  2.3368310E-02 -1.0584201E-02
  3.1650387E-05 -2.1238433E-02  3.1651485E-05  2.1206789E-02  0.8558917    
 -0.2621809     -0.4457697     -0.5165608     -0.4747217     -0.7126039    
 -2.4785442E-02  0.8401788     -0.5417427      9.9183642E-04  1.0869308E-07
 -3.7042646E-08  7.4454015E-08  4.7408376E-02  4.2585686E-02
          72 -2.3425134E-02  1.0454993E-02  2.3427038E-02 -1.0495359E-02
  2.4723045E-05 -2.1261998E-02  2.4721965E-05  2.1237276E-02  0.8537491    
 -0.2709160     -0.4446538     -0.5203302     -0.4754148     -0.7093922    
 -1.9209290E-02  0.8370097     -0.5468507      9.9559163E-04  1.0926791E-07
 -3.6935276E-08  7.4926263E-08  4.7382545E-02  4.2556923E-02
          73 -2.3479648E-02  1.0393007E-02  2.3481354E-02 -1.0422228E-02
  1.7582315E-05 -2.1269668E-02  1.7583709E-05  2.1252090E-02  0.8517705    
 -0.2787206     -0.4436234     -0.5237364     -0.4750895     -0.7070998    
 -1.3677519E-02  0.8346285     -0.5506434      9.9843228E-04  1.0976968E-07
 -3.6821298E-08  7.5219482E-08  4.7343150E-02  4.2513058E-02
          74 -2.3529407E-02  1.0347761E-02  2.3530634E-02 -1.0365673E-02
  1.0584236E-05 -2.1261910E-02  1.0582828E-05  2.1251330E-02  0.8499780    
 -0.2855927     -0.4426898     -0.5267546     -0.4737962     -0.7057244    
 -8.1949942E-03  0.8330390     -0.5531536      1.0003374E-03  1.1019110E-07
 -3.6703824E-08  7.5332764E-08  4.7290821E-02  4.2454772E-02
          75 -2.3574086E-02  1.0319743E-02  2.3574546E-02 -1.0325697E-02
  3.4581283E-06 -2.1238673E-02  3.4607647E-06  2.1235224E-02  0.8483809    
 -0.2915673     -0.4418579     -0.5293793     -0.4715494     -0.7052650    
 -2.7256466E-03  0.8322437     -0.5544032      1.0012931E-03  1.1052719E-07
 -3.6584421E-08  7.5265199E-08  4.7225695E-02  4.2382214E-02
          76 -2.3613099E-02  1.0308885E-02  2.3612592E-02 -1.0302866E-02
 -3.4340594E-06 -2.1200581E-02 -3.4354650E-06  2.1204012E-02  0.8469965    
 -0.2966395     -0.4411370     -0.5315914     -0.4683752     -0.7057161    
  2.7256466E-03  0.8322437     -0.5544032      1.0012931E-03  1.1077264E-07
 -3.6465128E-08  7.5019777E-08  4.7225695E-02  4.2382214E-02
          77 -2.3646239E-02  1.0315422E-02  2.3644580E-02 -1.0296929E-02
 -1.0373006E-05 -2.1147702E-02 -1.0373778E-05  2.1158068E-02  0.8458301    
 -0.3008407     -0.4405295     -0.5333893     -0.4642638     -0.7070749    
  8.1949942E-03  0.8330390     -0.5531536      1.0003372E-03  1.1092445E-07
 -3.6346449E-08  7.4599264E-08  4.7290821E-02  4.2454772E-02
          78 -2.3673046E-02  1.0339024E-02  2.3670103E-02 -1.0308192E-02
 -1.6988479E-05 -2.1080771E-02 -1.6989381E-05  2.1097759E-02  0.8448951    
 -0.3041624     -0.4400425     -0.5347571     -0.4592173     -0.7093338    
  1.3677519E-02  0.8346285     -0.5506434      9.9843228E-04  1.1097909E-07
 -3.6229267E-08  7.4010060E-08  4.7343150E-02  4.2513058E-02
          79 -2.3693435E-02  1.0379677E-02  2.3689110E-02 -1.0336169E-02
 -2.3568531E-05 -2.0999996E-02 -2.3568155E-05  2.1023566E-02  0.8441927    
 -0.3066318     -0.4396767     -0.5356955     -0.4532015     -0.7124877    
  1.9209290E-02  0.8370097     -0.5468507      9.9559163E-04  1.1093587E-07
 -3.6113036E-08  7.3258271E-08  4.7382545E-02  4.2556923E-02
          80 -2.3707066E-02  1.0436801E-02  2.3701312E-02 -1.0380901E-02
 -2.9746205E-05 -2.0906251E-02 -2.9745341E-05  2.0935992E-02  0.8437328    
 -0.3082369     -0.4394370     -0.5361907     -0.4461945     -0.7165263    
  2.4785442E-02  0.8401788     -0.5417427      9.9183654E-04  1.1079346E-07
 -3.5997644E-08  7.2353629E-08  4.7408376E-02  4.2585686E-02
          81 -2.3713950E-02  1.0509839E-02  2.3706758E-02 -1.0441648E-02
 -3.5639743E-05 -2.0800192E-02 -3.5639085E-05  2.0835822E-02  0.8435132    
 -0.3090000     -0.4393229     -0.5362458     -0.4381546     -0.7214298    
  3.0430455E-02  0.8441206     -0.5352891      9.8720461E-04  1.1055394E-07
 -3.5881975E-08  7.1307703E-08  4.7420707E-02  4.2599410E-02
          82 -2.3714093E-02  1.0598512E-02  2.3705406E-02 -1.0517946E-02
 -4.1321568E-05 -2.0682264E-02 -4.1321586E-05  2.0723607E-02  0.8435353    
 -0.3089236     -0.4393340     -0.5358543     -0.4290061     -0.7271959    
  3.6171012E-02  0.8488345     -0.5274199      9.8172284E-04  1.1021915E-07
 -3.5764792E-08  7.0130113E-08  4.7419500E-02  4.2598065E-02
          83 -2.3707228E-02  1.0701856E-02  2.3697130E-02 -1.0609415E-02
 -4.6482110E-05 -2.0553619E-02 -4.6482462E-05  2.0600092E-02  0.8438041    
 -0.3079886     -0.4394744     -0.5350053     -0.4186897     -0.7338040    
  4.1999873E-02  0.8543079     -0.5180676      9.7543257E-04  1.0979040E-07
 -3.5644948E-08  6.8834773E-08  4.7404360E-02  4.2581208E-02
          84 -2.3693688E-02  1.0819272E-02  2.3682134E-02 -1.0715063E-02
 -5.1299012E-05 -2.0414947E-02 -5.1299507E-05  2.0466229E-02  0.8443129    
 -0.3062111     -0.4397390     -0.5337005     -0.4071080     -0.7412333    
  4.7952585E-02  0.8605219     -0.5071515      9.6838962E-04  1.0927409E-07
 -3.5521051E-08  6.7435785E-08  4.7375824E-02  4.2549439E-02
          85 -2.3673322E-02  1.0949448E-02  2.3660399E-02 -1.0834252E-02
 -5.5451470E-05 -2.0267598E-02 -5.5450975E-05  2.0323033E-02  0.8450633    
 -0.3035679     -0.4401302     -0.5319303     -0.3941755     -0.7494504    
  5.4020502E-02  0.8674516     -0.4945801      9.6065277E-04  1.0867377E-07
 -3.5391849E-08  6.5949642E-08  4.7333721E-02  4.2502556E-02
          86 -2.3646558E-02  1.1091524E-02  2.3632234E-02 -1.0965769E-02
 -5.9121234E-05 -2.0112624E-02 -5.9122794E-05  2.0171758E-02  0.8460451    
 -0.3000711     -0.4406416     -0.5296972     -0.3797690     -0.7584170    
  6.0237065E-02  0.8750616     -0.4802485      9.5229840E-04  1.0799830E-07
 -3.5256555E-08  6.4393461E-08  4.7278792E-02  4.2441376E-02
          87 -2.3613438E-02  1.1244033E-02  2.3597732E-02 -1.1108654E-02
 -6.1966704E-05 -1.9951757E-02 -6.1966515E-05  2.0013725E-02  0.8472569    
 -0.2956927     -0.4412727     -0.5269929     -0.3637773     -0.7680786    
  6.6590220E-02  0.8833074     -0.4640407      9.4340858E-04  1.0725454E-07
 -3.5114876E-08  6.2786462E-08  4.7211170E-02  4.2366035E-02
          88 -2.3574442E-02  1.1405737E-02  2.3557313E-02 -1.1261402E-02
 -6.4141779E-05 -1.9786445E-02 -6.4142529E-05  1.9850578E-02  0.8486846    
 -0.2904412     -0.4420163     -0.5238219     -0.3460519     -0.7783692    
  7.3109873E-02  0.8921278     -0.4458284      9.3408121E-04  1.0645340E-07
 -3.4966948E-08  6.1148164E-08  4.7131751E-02  4.2277515E-02
          89 -2.3529824E-02  1.1574771E-02  2.3511145E-02 -1.1422873E-02
 -6.5283028E-05 -1.9618846E-02 -6.5284272E-05  1.9684156E-02  0.8503231    
 -0.2842841     -0.4428693     -0.5201790     -0.3264602     -0.7892006    
  7.9778060E-02  0.9014468     -0.4254752      9.2442572E-04  1.0560495E-07
 -3.4814128E-08  5.9500504E-08  4.7040969E-02  4.2176284E-02
          90 -2.3480101E-02  1.1749348E-02  2.3459796E-02 -1.1591149E-02
 -6.5445180E-05 -1.9451203E-02 -6.5445209E-05  1.9516658E-02  0.8521541    
 -0.2772268     -0.4438229     -0.5160746     -0.3048567     -0.8004557    
  8.6605407E-02  0.9111573     -0.4028546      9.1457367E-04  1.0472281E-07
 -3.4658463E-08  5.7866760E-08  4.6939895E-02  4.2063519E-02
          91 -2.3425829E-02  1.1927757E-02  2.3403620E-02 -1.1764480E-02
 -6.4569824E-05 -1.9285854E-02 -6.4569656E-05  1.9350389E-02  0.8541625    
 -0.2692536     -0.4448696     -0.5115130     -0.2810631     -0.8120086    
  9.3599804E-02  0.9211439     -0.3778002      9.0465700E-04  1.0382045E-07
 -3.4503142E-08  5.6269233E-08  4.6829455E-02  4.1940242E-02
          92 -2.3367548E-02  1.2107618E-02  2.3343064E-02 -1.1941366E-02
 -6.2299274E-05 -1.9125832E-02 -6.2300511E-05  1.9188147E-02  0.8563370    
 -0.2603263     -0.4460014     -0.5064989     -0.2549352     -0.8236910    
  0.1007270      0.9312563     -0.3501654      8.9483464E-04  1.0291375E-07
 -3.4353494E-08  5.4733611E-08  4.6710614E-02  4.1807503E-02
          93 -2.3306005E-02  1.2286824E-02  2.3278698E-02 -1.2119227E-02
 -5.8671361E-05 -1.8974306E-02 -5.8671812E-05  1.9033002E-02  0.8586515    
 -0.2504470     -0.4472069     -0.5010545     -0.2263096     -0.8353014    
  0.1079915      0.9413077     -0.3198087      8.8527956E-04  1.0201977E-07
 -3.4215272E-08  5.3285699E-08  4.6584703E-02  4.1666780E-02
          94 -2.3241714E-02  1.2462394E-02  2.3211118E-02 -1.2296101E-02
 -5.3441883E-05 -1.8835017E-02 -5.3442054E-05  1.8888505E-02  0.8610877    
 -0.2395763     -0.4484764     -0.4952011     -0.1950652     -0.8465964    
  0.1153423      0.9510798     -0.2866067      8.7618222E-04  1.0115610E-07
 -3.4096303E-08  5.1953375E-08  4.6452831E-02  4.1519292E-02
          95 -2.3175787E-02  1.2632037E-02  2.3141107E-02 -1.2469230E-02
 -4.6534453E-05 -1.8712010E-02 -4.6535079E-05  1.8758567E-02  0.8636162    
 -0.2277139     -0.4497927     -0.4889746     -0.1610840     -0.8572956    
  0.1227637      0.9603116     -0.2504610      8.6776039E-04  1.0034581E-07
 -3.4006668E-08  5.0766129E-08  4.6316896E-02  4.1367147E-02
          96 -2.3108773E-02  1.2792251E-02  2.3069331E-02 -1.2635964E-02
 -3.7757094E-05 -1.8609798E-02 -3.7756628E-05  1.8647514E-02  0.8662106    
 -0.2148204     -0.4511446     -0.4824227     -0.1243108     -0.8670728    
  0.1301828      0.9687099     -0.2113136      8.6023600E-04  9.9607838E-08
 -3.3956713E-08  4.9754519E-08  4.6178106E-02  4.1211691E-02
          97 -2.3041977E-02  1.2940100E-02  2.2996701E-02 -1.2793386E-02
 -2.7004677E-05 -1.8533135E-02 -2.7005797E-05  1.8560153E-02  0.8688352    
 -0.2008963     -0.4525109     -0.4756080     -8.4725872E-02 -0.8755676    
  0.1375589      0.9759417     -0.1691607      8.5386302E-04  9.8968329E-08
 -3.3959829E-08  4.8951861E-08  4.6038676E-02  4.1055396E-02
          98 -2.2976125E-02  1.3071916E-02  2.2924067E-02 -1.2938108E-02
 -1.4128688E-05 -1.8487291E-02 -1.4128663E-05  1.8501457E-02  0.8714565    
 -0.1859033     -0.4538761     -0.4686132     -4.2400688E-02 -0.8823853    
  0.1447937      0.9816527     -0.1240671      8.4889535E-04  9.8448488E-08
 -3.4029121E-08  4.8393009E-08  4.5900192E-02  4.0900048E-02
          99 -2.2912357E-02  1.3184084E-02  2.2852590E-02 -1.3066546E-02
  8.7715557E-07 -1.8477621E-02  8.7591826E-07  1.8476781E-02  0.8740305    
 -0.1698461     -0.4552174     -0.4615447      2.5039406E-03 -0.8871134    
  0.1518126      0.9854674     -7.6203071E-02  8.4560813E-04  9.8073706E-08
 -3.4179358E-08  4.8116082E-08  4.5764945E-02  4.0748209E-02
         100 -2.2851836E-02  1.3272971E-02  2.2783469E-02 -1.3175029E-02
  1.8070981E-05 -1.8509626E-02  1.8070243E-05  1.8491568E-02  0.8765148    
 -0.1527085     -0.4565106     -0.4545231      4.9759608E-02 -0.8893440    
  0.1585262      0.9870178     -2.5794519E-02  8.4428035E-04  9.7869055E-08
 -3.4425987E-08  4.8162349E-08  4.5635305E-02  4.0602554E-02
         101 -2.2695664E-02  1.3182003E-02  2.2614233E-02 -1.3116858E-02
  4.5919882E-05 -1.8576646E-02  4.5919827E-05  1.8530764E-02  0.8828098    
  9.6129112E-02 -0.4597892     -0.4522851     -9.0330042E-02 -0.8872873    
 -0.1268269      0.9912617     -3.6266483E-02  8.4066641E-04  9.6138351E-08
 -3.4183305E-08  4.8232348E-08  4.5481756E-02  4.0429890E-02
         102 -2.2629037E-02  1.3117601E-02  2.2548953E-02 -1.3111819E-02
  7.3334595E-05 -1.8727282E-02  7.3335745E-05  1.8653955E-02  0.8853860    
  5.8729909E-02 -0.4611316     -0.4488027     -0.1504484     -0.8808753    
 -0.1211103      0.9868718     -0.1068468      8.4440463E-04  9.6017665E-08
 -3.4497074E-08  4.9165269E-08  4.5665514E-02  4.0636506E-02
         103 -2.2594178E-02  1.2994815E-02  2.2517260E-02 -1.3040346E-02
  9.6411677E-05 -1.8932872E-02  9.6411197E-05  1.8836465E-02  0.8866935    
  2.2455493E-02 -0.4618119     -0.4478451     -0.2065715     -0.8699213    
 -0.1149317      0.9781738     -0.1731091      8.5191458E-04  9.6297860E-08
 -3.4904275E-08  5.0638789E-08  4.5873221E-02  4.0869772E-02
         104 -2.2587683E-02  1.2821763E-02  2.2515904E-02 -1.2910187E-02
  1.1499166E-04 -1.9182278E-02  1.1499136E-04  1.9067267E-02  0.8868479    
 -1.2504540E-02 -0.4618923     -0.4491478     -0.2580100     -0.8553930    
 -0.1084766      0.9660613     -0.2344320      8.6259586E-04  9.6915322E-08
 -3.5373791E-08  5.2586724E-08  4.6099465E-02  4.1123558E-02
         105 -2.2606475E-02  1.2605873E-02  2.2541475E-02 -1.2729578E-02
  1.2949883E-04 -1.9464614E-02  1.2949896E-04  1.9335134E-02  0.8859752    
 -4.6070773E-02 -0.4614385     -0.4524097     -0.3044150     -0.8382464    
 -0.1018501      0.9514247     -0.2905470      8.7586447E-04  9.7812865E-08
 -3.5872528E-08  5.4943630E-08  4.6339028E-02  4.1391928E-02
         106 -2.2647431E-02  1.2355419E-02  2.2590801E-02 -1.2506788E-02
  1.3979012E-04 -1.9769570E-02  1.3978970E-04  1.9629776E-02  0.8842083    
 -7.8097656E-02 -0.4605176     -0.4572830     -0.3457336     -0.8193659    
 -9.5225848E-02  0.9350770     -0.3414133      8.9117850E-04  9.8943623E-08
 -3.6370892E-08  5.7646080E-08  4.6587959E-02  4.1670423E-02
         107 -2.2707747E-02  1.2077445E-02  2.2660267E-02 -1.2249818E-02
  1.4659327E-04 -2.0087624E-02  1.4659355E-04  1.9941038E-02  0.8816776    
 -0.1085346     -0.4592002     -0.4634469     -0.3820600     -0.7995293    
 -8.8665411E-02  0.9177420     -0.3871538      9.0801046E-04  1.0026139E-07
 -3.6839197E-08  6.0626498E-08  4.6841320E-02  4.1953489E-02
         108 -2.2784665E-02  1.1779085E-02  2.2746820E-02 -1.1966509E-02
  1.5017000E-04 -2.0410663E-02  1.5017069E-04  2.0260515E-02  0.8785135    
 -0.1373334     -0.4575517     -0.4705838     -0.4136852     -0.7793686    
 -8.2249030E-02  0.9000022     -0.4280550      9.2590955E-04  1.0173194E-07
 -3.7255393E-08  6.3822270E-08  4.7095623E-02  4.2237233E-02
         109 -2.2875451E-02  1.1466845E-02  2.2847256E-02 -1.1663940E-02
  1.5095003E-04 -2.0731708E-02  1.5095032E-04  2.0580726E-02  0.8748393    
 -0.1644697     -0.4556379     -0.4784106     -0.4409645     -0.7593904    
 -7.6023415E-02  0.8823265     -0.4644571      9.4445818E-04  1.0332228E-07
 -3.7601232E-08  6.7169736E-08  4.7347125E-02  4.2517483E-02
         110 -2.2977518E-02  1.1146977E-02  2.2958515E-02 -1.1349050E-02
  1.4919744E-04 -2.1044690E-02  1.4919830E-04  2.0895502E-02  0.8707753    
 -0.1899163     -0.4535220     -0.4866687     -0.4642888     -0.7399929    
 -7.0028491E-02  0.8650825     -0.4967175      9.6328300E-04  1.0500389E-07
 -3.7864940E-08  7.0606056E-08  4.7592551E-02  4.2790618E-02
         111 -2.3088640E-02  1.0824524E-02  2.3078158E-02 -1.1028098E-02
  1.4569100E-04 -2.1345193E-02  1.4568995E-04  2.1199517E-02  0.8664240    
 -0.2137250     -0.4512550     -0.4951588     -0.4840661     -0.7214553    
 -6.4244203E-02  0.8485291     -0.5252343      9.8207651E-04  1.0675458E-07
 -3.8040099E-08  7.4073156E-08  4.7828753E-02  4.3053169E-02
         112 -2.3206253E-02  1.0505124E-02  2.3203364E-02 -1.0706210E-02
  1.4018270E-04 -2.1629456E-02  1.4018327E-04  2.1489259E-02  0.8618908    
 -0.2358778     -0.4488941     -0.5036831     -0.5007173     -0.7039784    
 -5.8716096E-02  0.8328528     -0.5503713      1.0005615E-03  1.0854976E-07
 -3.8126430E-08  7.7516887E-08  4.8053555E-02  4.3302774E-02
         113 -2.3328181E-02  1.0193204E-02  2.3331741E-02 -1.0388916E-02
  1.3327993E-04 -2.1894276E-02  1.3328156E-04  2.1761021E-02  0.8572659    
 -0.2564085     -0.4464860     -0.5120952     -0.5145867     -0.6877202    
 -5.3418428E-02  0.8182024     -0.5724432      1.0184764E-03  1.1036612E-07
 -3.8126679E-08  8.0880156E-08  4.8263948E-02  4.3536130E-02
         114 -2.3452632E-02  9.8921144E-03  2.3461539E-02 -1.0080339E-02
  1.2555302E-04 -2.2137960E-02  1.2555312E-04  2.2012403E-02  0.8526206    
 -0.2753966     -0.4440662     -0.5202916     -0.5260284     -0.6727486    
 -4.8318777E-02  0.8046433     -0.5917892      1.0356389E-03  1.1218572E-07
 -3.8047656E-08  8.4118255E-08  4.8457749E-02  4.3750878E-02
         115 -2.3577426E-02  9.6059721E-03  2.3590490E-02 -9.7840903E-03
  1.1654263E-04 -2.2358941E-02  1.1654307E-04  2.2242393E-02  0.8480339    
 -0.2928474     -0.4416774     -0.5281582     -0.5353727     -0.6591092    
 -4.3443602E-02  0.7922225     -0.6086839      1.0518760E-03  1.1398635E-07
 -3.7900861E-08  8.7190621E-08  4.8633870E-02  4.3945871E-02
         116 -2.3700926E-02  9.3374411E-03  2.3717003E-02 -9.5038833E-03
  1.0694017E-04 -2.2556039E-02  1.0694004E-04  2.2449089E-02  0.8435626    
 -0.3088284     -0.4393486     -0.5356313     -0.5428656     -0.6468354    
 -3.8746119E-02  0.7809750     -0.6233593      1.0670250E-03  1.1574684E-07
 -3.7697230E-08  9.0054314E-08  4.8789926E-02  4.4118512E-02
         117 -2.3821577E-02  9.0891309E-03  2.3839479E-02 -9.2423111E-03
  9.6771684E-05 -2.2728801E-02  9.6772244E-05  2.2632049E-02  0.8392601    
 -0.3233877     -0.4371074     -0.5426524     -0.5487586     -0.6359186    
 -3.4218255E-02  0.7708984     -0.6360383      1.0809731E-03  1.1744756E-07
 -3.7450551E-08  9.2678683E-08  4.8924930E-02  4.4267762E-02
         118 -2.3937834E-02  8.8631883E-03  2.3956506E-02 -9.0017049E-03
  8.6129505E-05 -2.2876894E-02  8.6130611E-05  2.2790784E-02  0.8351716    
 -0.3365742     -0.4349784     -0.5491793     -0.5532547     -0.6263477    
 -2.9841386E-02  0.7619889     -0.6469022      1.0936117E-03  1.1906716E-07
 -3.7174249E-08  9.5034345E-08  4.9037650E-02  4.4392310E-02
         119 -2.4048224E-02  8.6619575E-03  2.4066688E-02 -8.7842736E-03
  7.4942778E-05 -2.3000024E-02  7.4942742E-05  2.2925081E-02  0.8313429    
 -0.3484158     -0.4329843     -0.5551696     -0.5565267     -0.6181139    
 -2.5606669E-02  0.7542443     -0.6560944      1.1048411E-03  1.2058426E-07
 -3.6882934E-08  9.7095025E-08  4.9127247E-02  4.4491261E-02
         120 -2.4151864E-02  8.4860483E-03  2.4169266E-02 -8.5918019E-03
  6.3882675E-05 -2.3098396E-02  6.3882770E-05  2.3034528E-02  0.8277950    
 -0.3589940     -0.4311365     -0.5606198     -0.5587083     -0.6111878    
 -2.1466728E-02  0.7476419     -0.6637551      1.1145974E-03  1.2198217E-07
 -3.6588098E-08  9.8840417E-08  4.9192477E-02  4.4563282E-02
         121 -2.4247406E-02  8.3375499E-03  2.4262842E-02 -8.4252367E-03
  5.2268922E-05 -2.3172228E-02  5.2269654E-05  2.3119971E-02  0.8245682    
 -0.3683138     -0.4294557     -0.5654936     -0.5599426     -0.6055421    
 -1.7440995E-02  0.7421652     -0.6699900      1.1228230E-03  1.2324047E-07
 -3.6303323E-08  1.0025811E-07  4.9233716E-02  4.4608798E-02
         122 -2.4333812E-02  8.2174251E-03  2.4346607E-02 -8.2863141E-03
  4.0524668E-05 -2.3221364E-02  4.0524679E-05  2.3180848E-02  0.8216856    
 -0.3764143     -0.4279544     -0.5697812     -0.5603016     -0.6011750    
 -1.3492662E-02  0.7378173     -0.6748656      1.1294396E-03  1.2433961E-07
 -3.6038610E-08  1.0132846E-07  4.9249761E-02  4.4626508E-02
         123 -2.4410559E-02  8.1255902E-03  2.4420291E-02 -8.1756655E-03
  2.9119954E-05 -2.3246529E-02  2.9118833E-05  2.3217421E-02  0.8191543    
 -0.3833641     -0.4266360     -0.5734932     -0.5598602     -0.5980486    
 -9.5862113E-03  0.7345669     -0.6784686      1.1344372E-03  1.2526934E-07
 -3.5801719E-08  1.0204756E-07  4.9240526E-02  4.4616316E-02
         124 -2.4476716E-02  8.0632679E-03  2.4482764E-02 -8.0934148E-03
  1.7314200E-05 -2.3248056E-02  1.7316663E-05  2.3230733E-02  0.8170021    
 -0.3891586     -0.4255151     -0.5766061     -0.5586960     -0.5961411    
 -5.7401429E-03  0.7324032     -0.6808470      1.1377886E-03  1.2601329E-07
 -3.5600529E-08  1.0241425E-07  4.9206875E-02  4.4579171E-02
         125 -2.4531750E-02  8.0304099E-03  2.4533827E-02 -8.0405390E-03
  5.7521925E-06 -2.3226125E-02  5.7525576E-06  2.3220368E-02  0.8152355    
 -0.3938403     -0.4245950     -0.5791265     -0.5568211     -0.5954518    
 -1.9105931E-03  0.7313276     -0.6820236      1.1394620E-03  1.2656125E-07
 -3.5439118E-08  1.0242230E-07  4.9148265E-02  4.4514470E-02
         126 -2.4575196E-02  8.0270516E-03  2.4573069E-02 -8.0168582E-03
 -5.7274319E-06 -2.3181312E-02 -5.7286329E-06  2.3187038E-02  0.8138639    
 -0.3974301     -0.4238807     -0.5810524     -0.5542645     -0.5959605    
  1.9105931E-03  0.7313276     -0.6820236      1.1394620E-03  1.2690563E-07
 -3.5319971E-08  1.0207795E-07  4.9148265E-02  4.4514470E-02
         127 -2.4606664E-02  8.0530951E-03  2.4600212E-02 -8.0223568E-03
 -1.7079801E-05 -2.3114013E-02 -1.7079343E-05  2.3131100E-02  0.8128945    
 -0.3999441     -0.4233759     -0.5823826     -0.5510266     -0.5976623    
  5.7401429E-03  0.7324032     -0.6808470      1.1377888E-03  1.2704056E-07
 -3.5243456E-08  1.0138706E-07  4.9206875E-02  4.4579171E-02
         128 -2.4625709E-02  8.1086773E-03  2.4614815E-02 -8.0569498E-03
 -2.8448610E-05 -2.3024460E-02 -2.8448614E-05  2.3052914E-02  0.8123389    
 -0.4013768     -0.4230864     -0.5831068     -0.5470906     -0.6005650    
  9.5862113E-03  0.7345669     -0.6784686      1.1344370E-03  1.2696022E-07
 -3.5208444E-08  1.0035656E-07  4.9240526E-02  4.4616316E-02
         129 -2.4632422E-02  8.1925178E-03  2.4617340E-02 -8.1204353E-03
 -3.9236918E-05 -2.2913283E-02 -3.9237992E-05  2.2952508E-02  0.8121867    
 -0.4017683     -0.4230072     -0.5832416     -0.5424094     -0.6046663    
  1.3492662E-02  0.7378173     -0.6748656      1.1294396E-03  1.2666882E-07
 -3.5210185E-08  9.8999216E-08  4.9249761E-02  4.4626508E-02
         130 -2.4626510E-02  8.3047375E-03  2.4607204E-02 -8.2117263E-03
 -5.0110801E-05 -2.2780916E-02 -5.0111077E-05  2.2831040E-02  0.8124515    
 -0.4010871     -0.4231450     -0.5827678     -0.5369543     -0.6099686    
  1.7440995E-02  0.7421652     -0.6699900      1.1228230E-03  1.2616525E-07
 -3.5244206E-08  9.7333221E-08  4.9233716E-02  4.4608798E-02
         131 -2.4607832E-02  8.4445616E-03  2.4584645E-02 -8.3307894E-03
 -6.0675662E-05 -2.2627549E-02 -6.0677459E-05  2.2688223E-02  0.8131323    
 -0.3993293     -0.4234996     -0.5816830     -0.5306295     -0.6165040    
  2.1466728E-02  0.7476419     -0.6637551      1.1145975E-03  1.2545264E-07
 -3.5303358E-08  9.5369842E-08  4.9192477E-02  4.4563282E-02
         132 -2.4576932E-02  8.6101433E-03  2.4550311E-02 -8.4765833E-03
 -7.0478753E-05 -2.2454133E-02 -7.0481146E-05  2.2524623E-02  0.8142126    
 -0.3965214     -0.4240620     -0.5800019     -0.5233415     -0.6242688    
  2.5606669E-02  0.7542443     -0.6560944      1.1048411E-03  1.2454444E-07
 -3.5378463E-08  9.3134574E-08  4.9127247E-02  4.4491261E-02
         133 -2.4533708E-02  8.8009750E-03  2.4503941E-02 -8.6473953E-03
 -8.0161066E-05 -2.2261370E-02 -8.0159472E-05  2.2341566E-02  0.8156996    
 -0.3926166     -0.4248368     -0.5777055     -0.5150002     -0.6332703    
  2.9841386E-02  0.7619889     -0.6469022      1.0936116E-03  1.2344671E-07
 -3.5460886E-08  9.0654332E-08  4.9037650E-02  4.4392310E-02
         134 -2.4478622E-02  9.0153106E-03  2.4446309E-02 -8.8425772E-03
 -8.9137677E-05 -2.2049969E-02 -8.9138484E-05  2.2139080E-02  0.8175796    
 -0.3876142     -0.4258156     -0.5747980     -0.5054412     -0.6435343    
  3.4218255E-02  0.7708984     -0.6360383      1.0809731E-03  1.2217366E-07
 -3.5540452E-08  8.7951918E-08  4.8924930E-02  4.4267762E-02
         135 -2.4412153E-02  9.2512900E-03  2.4377774E-02 -9.0602096E-03
 -9.7416778E-05 -2.1821067E-02 -9.7415606E-05  2.1918491E-02  0.8198412    
 -0.3814927     -0.4269939     -0.5712785     -0.4945112     -0.6550568    
  3.8746119E-02  0.7809750     -0.6233593      1.0670249E-03  1.2073984E-07
 -3.5606668E-08  8.5060343E-08  4.8789926E-02  4.4118512E-02
         136 -2.4334870E-02  9.5070712E-03  2.4299001E-02 -9.2985220E-03
 -1.0490883E-04 -2.1576008E-02 -1.0490865E-04  2.1680919E-02  0.8224719    
 -0.3742248     -0.4283640     -0.5671443     -0.4820157     -0.6678385    
  4.3443538E-02  0.7922226     -0.6086839      1.0518760E-03  1.1916286E-07
 -3.5650118E-08  8.2012967E-08  4.8633870E-02  4.3945868E-02
         137 -2.4247279E-02  9.7806845E-03  2.4210468E-02 -9.5555643E-03
 -1.1161771E-04 -2.1316187E-02 -1.1161640E-04  2.1427808E-02  0.8254611    
 -0.3657619     -0.4299210     -0.5623870     -0.4677258     -0.6818750    
  4.8318777E-02  0.8046433     -0.5917892      1.0356390E-03  1.1745863E-07
 -3.5661930E-08  7.8843897E-08  4.8457749E-02  4.3750878E-02
         138 -2.4150530E-02  1.0068811E-02  2.4113420E-02 -9.8292697E-03
 -1.1690411E-04 -2.1043755E-02 -1.1690363E-04  2.1160683E-02  0.8287764    
 -0.3561044     -0.4316473     -0.5570244     -0.4513695     -0.6971294    
  5.3418402E-02  0.8182025     -0.5724432      1.0184766E-03  1.1565183E-07
 -3.5634088E-08  7.5592610E-08  4.8263948E-02  4.3536130E-02
         139 -2.4045296E-02  1.0369269E-02  2.4008259E-02 -1.0116415E-02
 -1.2115844E-04 -2.0761216E-02 -1.2115872E-04  2.0882381E-02  0.8324050    
 -0.3451774     -0.4335371     -0.5510483     -0.4326762     -0.7135383    
  5.8716096E-02  0.8328528     -0.5503713      1.0005614E-03  1.1376164E-07
 -3.5561857E-08  7.2302733E-08  4.8053555E-02  4.3302774E-02
         140 -2.3932660E-02  1.0678634E-02  2.3896089E-02 -1.0414654E-02
 -1.2382041E-04 -2.0471280E-02 -1.2382047E-04  2.0595085E-02  0.8363175    
 -0.3329378     -0.4355748     -0.5444683     -0.4112795     -0.7310290    
  6.4244203E-02  0.8485291     -0.5252343      9.8207640E-04  1.1181146E-07
 -3.5441772E-08  6.9013524E-08  4.7828753E-02  4.3053169E-02
         141 -2.3814252E-02  1.0992481E-02  2.3778297E-02 -1.0720543E-02
 -1.2429638E-04 -2.0178055E-02 -1.2429619E-04  2.0302355E-02  0.8404669    
 -0.3193777     -0.4377366     -0.5373188     -0.3868206     -0.7494387    
  7.0028491E-02  0.8650825     -0.4967175      9.6328306E-04  1.0983180E-07
 -3.5274248E-08  6.5775048E-08  4.7592551E-02  4.2790618E-02
         142 -2.3691285E-02  1.1307200E-02  2.3655841E-02 -1.1029998E-02
 -1.2286082E-04 -1.9886080E-02 -1.2286296E-04  2.0008979E-02  0.8448247    
 -0.3044113     -0.4400056     -0.5296146     -0.3589341     -0.7685536    
  7.6023415E-02  0.8823265     -0.4644571      9.4445818E-04  1.0785038E-07
 -3.5064652E-08  6.2638094E-08  4.7347125E-02  4.2517483E-02
         143 -2.3565391E-02  1.1617705E-02  2.3530230E-02 -1.1339248E-02
 -1.1877515E-04 -1.9600822E-02 -1.1877480E-04  1.9719582E-02  0.8493363    
 -0.2880098     -0.4423553     -0.5214048     -0.3271793     -0.7880931    
  8.2249030E-02  0.9000022     -0.4280550      9.2590932E-04  1.0589874E-07
 -3.4821038E-08  5.9651434E-08  4.7095623E-02  4.2237233E-02
         144 -2.3438534E-02  1.1918648E-02  2.3402788E-02 -1.1643442E-02
 -1.1171692E-04 -1.9328970E-02 -1.1171696E-04  1.9440664E-02  0.8539460    
 -0.2701248     -0.4447570     -0.5127520     -0.2911739     -0.8076529    
  8.8665411E-02  0.9177420     -0.3871538      9.0801046E-04  1.0401299E-07
 -3.4557420E-08  5.6870661E-08  4.6841320E-02  4.1953489E-02
         145 -2.3312703E-02  1.2204286E-02  2.3275258E-02 -1.1937624E-02
 -1.0130808E-04 -1.9078288E-02 -1.0130848E-04  1.9179597E-02  0.8585914    
 -0.2507086     -0.4471756     -0.5037389     -0.2505518     -0.8267230    
  9.5225848E-02  0.9350770     -0.3414133      8.9117838E-04  1.0223309E-07
 -3.4293191E-08  5.4352139E-08  4.6587959E-02  4.1670423E-02
         146 -2.3189904E-02  1.2468317E-02  2.3149123E-02 -1.2215921E-02
 -8.7186221E-05 -1.8857637E-02 -8.7187349E-05  1.8944819E-02  0.8632025    
 -0.2296984     -0.4495778     -0.4944776     -0.2050113     -0.8446670    
  0.1018501      0.9514247     -0.2905470      8.7586459E-04  1.0059883E-07
 -3.4051379E-08  5.2153318E-08  4.6339028E-02  4.1391928E-02
         147 -2.3072770E-02  1.2703477E-02  2.3026699E-02 -1.2472590E-02
 -6.8784029E-05 -1.8677214E-02 -6.8783207E-05  1.8746031E-02  0.8676894    
 -0.2070957     -0.4519142     -0.4851267     -0.1543921     -0.8607062    
  0.1084766      0.9660613     -0.2344321      8.6259586E-04  9.9160729E-08
 -3.3861291E-08  5.0337228E-08  4.6099469E-02  4.1123558E-02
         148 -2.2963377E-02  1.2902615E-02  2.2909844E-02 -1.2700199E-02
 -4.6101111E-05 -1.8548010E-02 -4.6099518E-05  1.8594118E-02  0.8719689    
 -0.1828235     -0.4541430     -0.4758791     -9.8750278E-02 -0.8739493    
  0.1149317      0.9781738     -0.1731091      8.5191452E-04  9.7963927E-08
 -3.3754095E-08  4.8969198E-08  4.5873221E-02  4.0869772E-02
         149 -2.2864429E-02  1.3057728E-02  2.2801084E-02 -1.2891664E-02
 -1.8691713E-05 -1.8481733E-02 -1.8692845E-05  1.8500421E-02  0.8759336    
 -0.1568886     -0.4562085     -0.4669824     -3.8339179E-02 -0.8834351    
  0.1211103      0.9868718     -0.1068468      8.4440457E-04  9.7060592E-08
 -3.3764049E-08  4.8119880E-08  4.5665514E-02  4.0636506E-02
         150 -2.2778427E-02  1.3160751E-02  2.2703325E-02 -1.3038735E-02
  1.3308783E-05 -1.8490264E-02  1.3309052E-05  1.8476931E-02  0.8794740    
 -0.1292826     -0.4580518     -0.4587378      2.6197867E-02 -0.8881854    
  0.1268269      0.9912617     -3.6266483E-02  8.4066641E-04  9.6501672E-08
 -3.3925318E-08  4.7868063E-08  4.5481756E-02  4.0429890E-02
         151 -2.2618476E-02  1.3037889E-02  2.2547064E-02 -1.3005367E-02
  5.2394247E-05 -1.8566053E-02  5.2394800E-05  1.8513622E-02  0.8856328    
  5.3040441E-02 -0.4613473     -0.4567262     -8.0212519E-02 -0.8859837    
 -8.3998799E-02  0.9953656     -4.6813875E-02  8.3736179E-04  9.4837880E-08
 -3.3692665E-08  4.7971113E-08  4.5311738E-02  4.0236462E-02
         152 -2.2588337E-02  1.2917122E-02  2.2514785E-02 -1.2976631E-02
  9.9514778E-05 -1.8767124E-02  9.9516001E-05  1.8667655E-02  0.8868557    
  7.4872840E-03 -0.4619858     -0.4550833     -0.1587782     -0.8761785    
 -7.9913467E-02  0.9872859     -0.1374060      8.4421271E-04  9.5142447E-08
 -3.4095962E-08  4.9296112E-08  4.5517568E-02  4.0468115E-02
         153 -2.2601502E-02  1.2704974E-02  2.2530217E-02 -1.2841671E-02
  1.3846342E-04 -1.9062741E-02  1.3846224E-04  1.8924259E-02  0.8862951    
 -3.6338069E-02 -0.4616931     -0.4569499     -0.2308162     -0.8590231    
 -7.5351015E-02  0.9723186     -0.2211760      8.5720938E-04  9.6061036E-08
 -3.4659244E-08  5.1544941E-08  4.5778196E-02  4.0761042E-02
         154 -2.2652557E-02  1.2415190E-02  2.2587862E-02 -1.2614368E-02
  1.6928989E-04 -1.9431774E-02  1.6928936E-04  1.9262495E-02  0.8841656    
 -7.8191131E-02 -0.4605837     -0.4618190     -0.2951289     -0.8364342    
 -7.0529848E-02  0.9522526     -0.2970530      8.7527244E-04  9.7488815E-08
 -3.5317218E-08  5.4611419E-08  4.6083894E-02  4.1104071E-02
         155 -2.2736335E-02  1.2061617E-02  2.2682428E-02 -1.2308853E-02
  1.9194788E-04 -1.9852983E-02  1.9194922E-04  1.9660996E-02  0.8806924    
 -0.1179249     -0.4587752     -0.4691270     -0.3512247     -0.8102846    
 -6.5580450E-02  0.9288353     -0.3646426      8.9733797E-04  9.9332723E-08
 -3.5999399E-08  5.8387258E-08  4.6424933E-02  4.1486066E-02
         156 -2.2848366E-02  1.1657557E-02  2.2807883E-02 -1.1940368E-02
  2.0762220E-04 -2.0307440E-02  2.0762236E-04  2.0099819E-02  0.8761128    
 -0.1553566     -0.4563888     -0.4782700     -0.3992623     -0.7822068    
 -6.0697861E-02  0.9035784     -0.4241012      9.2242192E-04  1.0151561E-07
 -3.6641339E-08  6.2764983E-08  4.6793252E-02  4.1897826E-02
         157 -2.2984162E-02  1.1215100E-02  2.2958819E-02 -1.1522294E-02
  2.1695333E-04 -2.0778421E-02  2.1695263E-04  2.0561431E-02  0.8706436    
 -0.1904752     -0.4535405     -0.4887244     -0.4397672     -0.7534940    
 -5.5930290E-02  0.8776810     -0.4759704      9.4963802E-04  1.0397168E-07
 -3.7184680E-08  6.7634517E-08  4.7180213E-02  4.2329561E-02
         158 -2.3139670E-02  1.0745873E-02  2.3129875E-02 -1.1068183E-02
  2.2094781E-04 -2.1252168E-02  2.2094893E-04  2.1031186E-02  0.8645000    
 -0.2232354     -0.4503395     -0.5000021     -0.4734882     -0.7251253    
 -5.1356789E-02  0.8520416     -0.5209488      9.7821583E-04  1.0665078E-07
 -3.7586219E-08  7.2886202E-08  4.7578726E-02  4.2773291E-02
         159 -2.3310786E-02  1.0260272E-02  2.3316033E-02 -1.0589908E-02
  2.2053375E-04 -2.1717723E-02  2.2053438E-04  2.1497175E-02  0.8578758    
 -0.2536523     -0.4468887     -0.5117021     -0.5012553     -0.6977851    
 -4.7010530E-02  0.8272869     -0.5598092      1.0074867E-03  1.0950887E-07
 -3.7815184E-08  7.8410508E-08  4.7981847E-02  4.3221254E-02
         160 -2.3493590E-02  9.7678723E-03  2.3512591E-02 -1.0098330E-02
  2.1652025E-04 -2.2166839E-02  2.1652023E-04  2.1950299E-02  0.8509511    
 -0.2817502     -0.4432822     -0.5234880     -0.5239077     -0.6719234    
 -4.2924404E-02  0.8038269     -0.5933127      1.0368892E-03  1.1250850E-07
 -3.7856186E-08  8.4102517E-08  4.8383754E-02  4.3667004E-02
         161 -2.3684993E-02  9.2768976E-03  2.3715915E-02 -9.6027572E-03
  2.0966523E-04 -2.2592863E-02  2.0966542E-04  2.2383194E-02  0.8438661    
 -0.3076523     -0.4395908     -0.5351318     -0.5421855     -0.6478185    
 -3.9036900E-02  0.7819111     -0.6221665      1.0659529E-03  1.1561963E-07
 -3.7704865E-08  8.9857764E-08  4.8777938E-02  4.4103362E-02
         162 -2.3880851E-02  8.7948851E-03  2.3921743E-02 -9.1118980E-03
  2.0045205E-04 -2.2991937E-02  2.0045071E-04  2.2791497E-02  0.8367751    
 -0.3313628     -0.4358969     -0.5464000     -0.5568311     -0.6256086    
 -3.5417520E-02  0.7616678     -0.6469990      1.0942834E-03  1.1880477E-07
 -3.7371759E-08  9.5585840E-08  4.9160715E-02  4.4526342E-02
         163 -2.4078405E-02  8.3281826E-03  2.4126971E-02 -8.6325798E-03
  1.8949245E-04 -2.3360845E-02  1.8949085E-04  2.3171371E-02  0.8297828    
 -0.3530104     -0.4322547     -0.5571676     -0.5684304     -0.6053520    
 -3.2011185E-02  0.7431490     -0.6683598      1.1215514E-03  1.2203134E-07
 -3.6873285E-08  1.0119657E-07  4.9526904E-02  4.4930320E-02
         164 -2.4275059E-02  7.8820260E-03  2.4329154E-02 -8.1708590E-03
  1.7709671E-04 -2.3697296E-02  1.7709532E-04  2.3520218E-02  0.8229738    
 -0.3727249     -0.4287077     -0.5673507     -0.5774829     -0.5870491    
 -2.8763592E-02  0.7263536     -0.6867191      1.1474851E-03  1.2526664E-07
 -3.6232983E-08  1.0660678E-07  4.9871720E-02  4.5310132E-02
         165 -2.4467491E-02  7.4615339E-03  2.4524873E-02 -7.7321860E-03
  1.6364767E-04 -2.4001068E-02  1.6364901E-04  2.3837406E-02  0.8164536    
 -0.3905303     -0.4253112     -0.5768375     -0.5844795     -0.5706508    
 -2.5729282E-02  0.7112453     -0.7024729      1.1718599E-03  1.2846701E-07
 -3.5483506E-08  1.1175183E-07  5.0193314E-02  4.5663860E-02
         166 -2.4653852E-02  7.0702708E-03  2.4712380E-02 -7.3206988E-03
  1.4942362E-04 -2.4271138E-02  1.4942266E-04  2.4121739E-02  0.8102703    
 -0.4065734     -0.4220902     -0.5856113     -0.5897558     -0.5561002    
 -2.2834618E-02  0.6977723     -0.7159556      1.1944870E-03  1.3159625E-07
 -3.4655461E-08  1.1656336E-07  5.0487332E-02  4.5986846E-02
         167 -2.4831725E-02  6.7116912E-03  2.4889551E-02 -6.9400570E-03
  1.3456868E-04 -2.4507783E-02  1.3456802E-04  2.4373211E-02  0.8044850    
 -0.4209264     -0.4190762     -0.5936335     -0.5936332     -0.5433221    
 -2.0078916E-02  0.6858721     -0.7274450      1.2152127E-03  1.3461185E-07
 -3.3783866E-08  1.2098852E-07  5.0751571E-02  4.6276789E-02
         168 -2.4999177E-02  6.3883699E-03  2.5054535E-02 -6.5932502E-03
  1.1926438E-04 -2.4711272E-02  1.1926561E-04  2.4591999E-02  0.7991414    
 -0.4336742     -0.4162928     -0.6008899     -0.5963660     -0.5322395    
 -1.7444359E-02  0.6754808     -0.7371712      1.2339059E-03  1.3747068E-07
 -3.2902257E-08  1.2497986E-07  5.0983675E-02  4.6531226E-02
         169 -2.5154332E-02  6.1026923E-03  2.5205562E-02 -6.2828111E-03
  1.0369197E-04 -2.4882393E-02  1.0368954E-04  2.4778739E-02  0.7942826    
 -0.4448777     -0.4137619     -0.6073650     -0.5981747     -0.5227761    
 -1.4930536E-02  0.6665365     -0.7453229      1.2504646E-03  1.4012993E-07
 -3.2044309E-08  1.2850104E-07  5.1182311E-02  4.6748776E-02
         170 -2.5296254E-02  5.8561726E-03  2.5342057E-02 -6.0104067E-03
  8.7887231E-05 -2.5021078E-02  8.7888220E-05  2.4933189E-02  0.7899156    
 -0.4546558     -0.4114869     -0.6130887     -0.5991922     -0.5148698    
 -1.2471222E-02  0.6589817     -0.7520556      1.2647999E-03  1.4255542E-07
 -3.1237690E-08  1.3151194E-07  5.1344369E-02  4.6926152E-02
         171 -2.5422780E-02  5.6504491E-03  2.5461940E-02 -5.7779704E-03
  7.1955663E-05 -2.5128866E-02  7.1957627E-05  2.5056913E-02  0.7860907    
 -0.4630073     -0.4094943     -0.6180283     -0.5996010     -0.5084483    
 -1.0117896E-02  0.6527655     -0.7574924      1.2768446E-03  1.4470118E-07
 -3.0512151E-08  1.3399679E-07  5.1470589E-02  4.7064219E-02
         172 -2.5533181E-02  5.4864315E-03  2.5564736E-02 -5.5864761E-03
  5.5958080E-05 -2.5205949E-02  5.5957436E-05  2.5150001E-02  0.7828107    
 -0.4700193     -0.4077857     -0.6222107     -0.5994819     -0.5034634    
 -7.8226961E-03  0.6478451     -0.7617319      1.2865419E-03  1.4653705E-07
 -2.9889051E-08  1.3593086E-07  5.1559005E-02  4.7160897E-02
         173 -2.5626983E-02  5.3647612E-03  2.5650159E-02 -5.4367394E-03
  3.9925169E-05 -2.5252458E-02  3.9924565E-05  2.5212528E-02  0.7800747    
 -0.4757675     -0.4063604     -0.6256619     -0.5988905     -0.4998773    
 -5.5400110E-03  0.6441859     -0.7648489      1.2938501E-03  1.4803878E-07
 -2.9385976E-08  1.3729507E-07  5.1608019E-02  4.7214478E-02
         174 -2.5702467E-02  5.2861487E-03  2.5716648E-02 -5.3295959E-03
  2.3921108E-05 -2.5269864E-02  2.3923021E-05  2.5245951E-02  0.7779209    
 -0.4802300     -0.4052384     -0.6283534     -0.5979315     -0.4976444    
 -3.3210746E-03  0.6417609     -0.7668976      1.2987393E-03  1.4917205E-07
 -2.9019240E-08  1.3809125E-07  5.1619198E-02  4.7226697E-02
         175 -2.5759682E-02  5.2506849E-03  2.5764475E-02 -5.2652289E-03
  7.9535494E-06 -2.5257928E-02  7.9535766E-06  2.5249975E-02  0.7763349    
 -0.4834820     -0.4044123     -0.6303197     -0.5966047     -0.4967493    
 -1.1049211E-03  0.6405528     -0.7679133      1.3011885E-03  1.4992523E-07
 -2.8796192E-08  1.3830814E-07  5.1591016E-02  4.7195893E-02
         176 -2.5797920E-02  5.2584410E-03  2.5793098E-02 -5.2438448E-03
 -7.9290030E-06 -2.5217257E-02 -7.9306719E-06  2.5225190E-02  0.7753288    
 -0.4855303     -0.4038882     -0.6315569     -0.5949390     -0.4971755    
  1.1049211E-03  0.6405528     -0.7679133      1.3011886E-03  1.5028350E-07
 -2.8721605E-08  1.3794990E-07  5.1591016E-02  4.7195893E-02
         177 -2.5816837E-02  5.3092455E-03  2.5802359E-02 -5.2653505E-03
 -2.3717294E-05 -2.5148146E-02 -2.3718929E-05  2.5171863E-02  0.7749054    
 -0.4863887     -0.4036677     -0.6320685     -0.5929325     -0.4989193    
  3.3210746E-03  0.6417609     -0.7668976      1.2987391E-03  1.5024038E-07
 -2.8794705E-08  1.3702278E-07  5.1619198E-02  4.7226697E-02
         178 -2.5816001E-02  5.4027378E-03  2.5792018E-02 -5.3295116E-03
 -3.9372120E-05 -2.5051037E-02 -3.9372448E-05  2.5090408E-02  0.7750733    
 -0.4860485     -0.4037551     -0.6318470     -0.5905772     -0.5019840    
  5.5400110E-03  0.6441859     -0.7648489      1.2938504E-03  1.4979365E-07
 -2.9010380E-08  1.3554028E-07  5.1608019E-02  4.7214478E-02
         179 -2.5796082E-02  5.5382052E-03  2.5762923E-02 -5.4356786E-03
 -5.4863038E-05 -2.4925385E-02 -5.4862703E-05  2.4980238E-02  0.7758102    
 -0.4845516     -0.4041390     -0.6309179     -0.5877979     -0.5063954    
  7.8226961E-03  0.6478451     -0.7617319      1.2865420E-03  1.4895744E-07
 -2.9356833E-08  1.3351048E-07  5.1559005E-02  4.7160897E-02
         180 -2.5756223E-02  5.7149702E-03  2.5714364E-02 -5.5833645E-03
 -7.0144626E-05 -2.4772190E-02 -7.0146249E-05  2.4842350E-02  0.7771430    
 -0.4818286     -0.4048332     -0.6292427     -0.5845839     -0.5121673    
  1.0117896E-02  0.6527655     -0.7574924      1.2768448E-03  1.4773418E-07
 -2.9821450E-08  1.3096368E-07  5.1470589E-02  4.7064219E-02
         181 -2.5697116E-02  5.9319129E-03  2.5647255E-02 -5.7714824E-03
 -8.5185369E-05 -2.4591066E-02 -8.5186133E-05  2.4676254E-02  0.7790532    
 -0.4778907     -0.4058284     -0.6268339     -0.5808301     -0.5193416    
  1.2471222E-02  0.6589817     -0.7520556      1.2647999E-03  1.4614743E-07
 -3.0384388E-08  1.2791973E-07  5.1344369E-02  4.6926152E-02
         182 -2.5619671E-02  6.1876341E-03  2.5562637E-02 -5.9988587E-03
 -9.9906843E-05 -2.4381615E-02 -9.9906538E-05  2.4481544E-02  0.7815205    
 -0.4727415     -0.4071133     -0.6237009     -0.5764067     -0.5279702    
  1.4930536E-02  0.6665365     -0.7453229      1.2504646E-03  1.4422615E-07
 -3.1022669E-08  1.2440447E-07  5.1182311E-02  4.6748776E-02
         183 -2.5523426E-02  6.4807003E-03  2.5460249E-02 -6.2641297E-03
 -1.1425097E-04 -2.4144847E-02 -1.1424998E-04  2.4259111E-02  0.7845647    
 -0.4662865     -0.4086993     -0.6198015     -0.5712290     -0.5380924    
  1.7444359E-02  0.6754808     -0.7371712      1.2339058E-03  1.4198815E-07
 -3.1712716E-08  1.2046182E-07  5.0983675E-02  4.6531226E-02
         184 -2.5409879E-02  6.8091336E-03  2.5341691E-02 -6.5654744E-03
 -1.2807547E-04 -2.3880295E-02 -1.2807650E-04  2.4008380E-02  0.7881534    
 -0.4585277     -0.4105686     -0.6151513     -0.5650945     -0.5497792    
  2.0078916E-02  0.6858721     -0.7274450      1.2152127E-03  1.3947384E-07
 -3.2425859E-08  1.1612573E-07  5.0751571E-02  4.6276789E-02
         185 -2.5279574E-02  7.1705878E-03  2.5207756E-02 -6.9008227E-03
 -1.4131106E-04 -2.3588501E-02 -1.4131122E-04  2.3729784E-02  0.7922778    
 -0.4493998     -0.4127174     -0.6097331     -0.5578115     -0.5630913    
  2.2834618E-02  0.6977723     -0.7159556      1.1944871E-03  1.3671495E-07
 -3.3133112E-08  1.1144365E-07  5.0487332E-02  4.5986846E-02
         186 -2.5133682E-02  7.5623789E-03  2.5059627E-02 -7.2678067E-03
 -1.5374756E-04 -2.3270054E-02 -1.5374871E-04  2.3423815E-02  0.7969187    
 -0.4388433     -0.4151350     -0.6035383     -0.5491326     -0.5780959    
  2.5729282E-02  0.7112453     -0.7024729      1.1718599E-03  1.3374986E-07
 -3.3805367E-08  1.0646752E-07  5.0193314E-02  4.5663860E-02
         187 -2.4973204E-02  7.9814084E-03  2.4898520E-02 -7.6634847E-03
 -1.6523452E-04 -2.2926122E-02 -1.6523460E-04  2.3091339E-02  0.8020576    
 -0.4267749     -0.4178120     -0.5965537     -0.5387704     -0.5948530    
  2.8763592E-02  0.7263536     -0.6867191      1.1474851E-03  1.3061570E-07
 -3.4414064E-08  1.0125589E-07  4.9871720E-02  4.5310132E-02
         188 -2.4800336E-02  8.4238192E-03  2.4726570E-02 -8.0843754E-03
 -1.7543501E-04 -2.2557583E-02 -1.7543479E-04  2.2733007E-02  0.8076416    
 -0.4131694     -0.4207208     -0.5888041     -0.5263274     -0.6134242    
  3.2011185E-02  0.7431490     -0.6683598      1.1215514E-03  1.2735855E-07
 -3.4931055E-08  9.5867080E-08  4.9526904E-02  4.4930320E-02
         189 -2.4615956E-02  8.8852774E-03  2.4544757E-02 -8.5268104E-03
 -1.8412057E-04 -2.2167251E-02 -1.8412233E-04  2.2351364E-02  0.8136582    
 -0.3978786     -0.4238547     -0.5802636     -0.5114242     -0.6338292    
  3.5417520E-02  0.7616678     -0.6469990      1.0942833E-03  1.2401159E-07
 -3.5334594E-08  9.0376140E-08  4.9160715E-02  4.4526342E-02
         190 -2.4422571E-02  9.3606738E-03  2.4355365E-02 -8.9859962E-03
 -1.9080818E-04 -2.1757774E-02 -1.9080892E-04  2.1948585E-02  0.8200433    
 -0.3808484     -0.4271809     -0.5709686     -0.4935277     -0.6560681    
  3.9036900E-02  0.7819111     -0.6221665      1.0659531E-03  1.2061975E-07
 -3.5605126E-08  8.4854335E-08  4.8777938E-02  4.4103362E-02
         191 -2.4222709E-02  9.8438654E-03  2.4161048E-02 -9.4567128E-03
 -1.9514657E-04 -2.1332989E-02 -1.9514584E-04  2.1528052E-02  0.8267230    
 -0.3620223     -0.4306611     -0.5609694     -0.4720193     -0.6800817    
  4.2924404E-02  0.8038269     -0.5933127      1.0368892E-03  1.1722731E-07
 -3.5730174E-08  7.9379717E-08  4.8383754E-02  4.3667004E-02
         192 -2.4018621E-02  1.0328167E-02  2.3963224E-02 -9.9331979E-03
 -1.9636392E-04 -2.0899052E-02 -1.9636218E-04  2.1095442E-02  0.8336491    
 -0.3412332     -0.4342684     -0.5502901     -0.4462693     -0.7057086    
  4.7010530E-02  0.8272869     -0.5598092      1.0074866E-03  1.1387255E-07
 -3.5708393E-08  7.4042177E-08  4.7981847E-02  4.3221254E-02
         193 -2.3813667E-02  1.0805515E-02  2.3765059E-02 -1.0408301E-02
 -1.9387262E-04 -2.0462986E-02 -1.9387098E-04  2.0656895E-02  0.8407123    
 -0.3184407     -0.4379479     -0.5390410     -0.4154765     -0.7326760    
  5.1356789E-02  0.8520416     -0.5209488      9.7821583E-04  1.1060403E-07
 -3.5545039E-08  6.8927854E-08  4.7578726E-02  4.2773291E-02
         194 -2.3611099E-02  1.1266823E-02  2.3569115E-02 -1.0874314E-02
 -1.8690192E-04 -2.0034468E-02 -1.8690366E-04  2.0221308E-02  0.8478122    
 -0.2935341     -0.4416471     -0.5273388     -0.3788321     -0.7605262    
  5.5930290E-02  0.8776810     -0.4759704      9.4963808E-04  1.0746950E-07
 -3.5258818E-08  6.4131115E-08  4.7180213E-02  4.2329561E-02
         195 -2.3414958E-02  1.1701762E-02  2.3378292E-02 -1.1322767E-02
 -1.7445935E-04 -1.9625485E-02 -1.7445879E-04  1.9799937E-02  0.8548245    
 -0.2664273     -0.4452993     -0.5153549     -0.3355034     -0.7885726    
  6.0697861E-02  0.9035784     -0.4241012      9.2242187E-04  1.0452570E-07
 -3.4881129E-08  5.9748992E-08  4.6793252E-02  4.1897826E-02
         196 -2.3229225E-02  1.2098720E-02  2.3195708E-02 -1.1743571E-02
 -1.5563633E-04 -1.9251004E-02 -1.5563543E-04  1.9406589E-02  0.8616052    
 -0.2370364     -0.4488321     -0.5033247     -0.2847433     -0.8158342    
  6.5580450E-02  0.9288353     -0.3646426      8.9733803E-04  1.0183315E-07
 -3.4454782E-08  5.5880943E-08  4.6424933E-02  4.1486066E-02
         197 -2.3058925E-02  1.2445434E-02  2.3024971E-02 -1.2126007E-02
 -1.2959070E-04 -1.8928239E-02 -1.2959086E-04  1.9057810E-02  0.8679827    
 -0.2053366     -0.4521537     -0.4915604     -0.2259465     -0.8410212    
  7.0529848E-02  0.9522526     -0.2970530      8.7527256E-04  9.9466824E-08
 -3.4035260E-08  5.2627858E-08  4.6083894E-02  4.1104071E-02
         198 -2.2908410E-02  1.2727726E-02  2.2869783E-02 -1.2458151E-02
 -9.5356962E-05 -1.8677581E-02 -9.5355957E-05  1.8772967E-02  0.8737789    
 -0.1712540     -0.4551730     -0.4804505     -0.1589611     -0.8624956    
  7.5351015E-02  0.9723186     -0.2211760      8.5720920E-04  9.7504085E-08
 -3.3686458E-08  5.0096990E-08  4.5778196E-02  4.0761042E-02
         199 -2.2782816E-02  1.2931700E-02  2.2734752E-02 -1.2726283E-02
 -5.2741365E-05 -1.8520577E-02 -5.2741681E-05  1.8573351E-02  0.8787807    
 -0.1348424     -0.4577793     -0.4704872     -8.4167026E-02 -0.8783836    
  7.9913467E-02  0.9872859     -0.1374060      8.4421271E-04  9.6034320E-08
 -3.3477352E-08  4.8400789E-08  4.5517568E-02  4.0468115E-02
         200 -2.2686616E-02  1.3043063E-02  2.2625122E-02 -1.2916164E-02
 -1.7887562E-06 -1.8479152E-02 -1.7875383E-06  1.8480888E-02  0.8827739    
 -9.6125208E-02 -0.4598588     -0.4622276     -2.6984820E-03 -0.8867572    
  8.3998799E-02  0.9953656     -4.6813875E-02  8.3736179E-04  9.5146291E-08
 -3.3475398E-08  4.7661395E-08  4.5311738E-02  4.0236462E-02
         201 -2.2567404E-02  1.2910434E-02  2.2531265E-02 -1.2946492E-02
  5.1678242E-05 -1.8539671E-02  5.1678984E-05  1.8488005E-02  0.8869445    
  0.0000000E+00 -0.4618759     -0.4609083     -6.4697556E-02 -0.8850864    
 -2.9882241E-02  0.9979049     -5.7383142E-02  8.3494943E-04  9.4017857E-08
 -3.3308091E-08  4.7698830E-08  4.5162257E-02  4.0071692E-02
         202 -2.2603037E-02  1.2702891E-02  2.2559168E-02 -1.2868599E-02
  1.2374659E-04 -1.8783612E-02  1.2374621E-04  1.8659834E-02  0.8856955    
 -5.3044356E-02 -0.4612263     -0.4634030     -0.1615696     -0.8712938    
 -2.8302945E-02  0.9854347     -0.1676824      8.4551424E-04  9.4891504E-08
 -3.3729791E-08  4.9396309E-08  4.5342173E-02  4.0274359E-02
         203 -2.2692826E-02  1.2366646E-02  2.2649402E-02 -1.2637871E-02
  1.8219270E-04 -1.9171083E-02  1.8219212E-04  1.8988872E-02  0.8821803    
 -0.1035084     -0.4593951     -0.4701664     -0.2484667     -0.8468813    
 -2.6485071E-02  0.9630941     -0.2678586      8.6512871E-04  9.6644833E-08
 -3.4389696E-08  5.2499416E-08  4.5622453E-02  4.0589646E-02
         204 -2.2828456E-02  1.1924365E-02  2.2793999E-02 -1.2276510E-02
  2.2673846E-04 -1.9665398E-02  2.2673832E-04  1.9438680E-02  0.8767617    
 -0.1510945     -0.4565735     -0.4802983     -0.3235524     -0.8152469    
 -2.4546172E-02  0.9340687     -0.3562487      8.9201197E-04  9.9123703E-08
 -3.5164351E-08  5.6846766E-08  4.5987081E-02  4.0999055E-02
         205 -2.3002679E-02  1.1397580E-02  2.2984352E-02 -1.1808016E-02
  2.5822822E-04 -2.0231277E-02  2.5822892E-04  1.9973027E-02  0.8698096    
 -0.1956117     -0.4529539     -0.4928704     -0.3865080     -0.7795449    
 -2.2582209E-02  0.9013033     -0.4325996      9.2443824E-04  1.0219433E-07
 -3.5923936E-08  6.2278360E-08  4.6420749E-02  4.1484900E-02
         206 -2.3209279E-02  1.0806138E-02  2.3211518E-02 -1.1255866E-02
  2.7845803E-04 -2.0837948E-02  2.7845759E-04  2.0559506E-02  0.8616832    
 -0.2369628     -0.4487212     -0.5070255     -0.4380674     -0.7423087    
 -2.0670632E-02  0.8671480     -0.4976214      9.6085138E-04  1.0575051E-07
 -3.6549793E-08  6.8632495E-08  4.6909288E-02  4.2030849E-02
         207 -2.3442218E-02  1.0168385E-02  2.3467012E-02 -1.0641354E-02
  2.8913346E-04 -2.1460062E-02  2.8913302E-04  2.1170929E-02  0.8527098    
 -0.2751484     -0.4440489     -0.5220450     -0.4795049     -0.7053681    
 -1.8842684E-02  0.8332877     -0.5525183      9.9989353E-04  1.0970909E-07
 -3.6943128E-08  7.5741376E-08  4.7438871E-02  4.2621095E-02
         208 -2.3695886E-02  9.5009170E-03  2.3743033E-02 -9.9846274E-03
  2.9217187E-04 -2.2078071E-02  2.9217225E-04  2.1785926E-02  0.8431900    
 -0.3102094     -0.4390909     -0.5373428     -0.5123016     -0.6699326    
 -1.7127572E-02  0.8008228     -0.5986564      1.0404303E-03  1.1400993E-07
 -3.7034546E-08  8.3435907E-08  4.7997259E-02  4.3241739E-02
         209 -2.3964774E-02  8.8184550E-03  2.4032483E-02 -9.3027847E-03
  2.8922438E-04 -2.2677658E-02  2.8922426E-04  2.2388438E-02  0.8333814    
 -0.3422487     -0.4339831     -0.5524800     -0.5379204     -0.6367161    
 -1.5533089E-02  0.7703944     -0.6373784      1.0815245E-03  1.1860250E-07
 -3.6782346E-08  9.1548287E-08  4.8572958E-02  4.3879874E-02
         210 -2.4243651E-02  8.1333769E-03  2.4329258E-02 -8.6108930E-03
  2.8180817E-04 -2.3249088E-02  2.8180625E-04  2.2967277E-02  0.8235036    
 -0.3714004     -0.4288398     -0.5671367     -0.5576992     -0.6060755    
 -1.4066932E-02  0.7423162     -0.6699021      1.1224316E-03  1.2344373E-07
 -3.6172960E-08  9.9920179E-08  4.9156107E-02  4.4524536E-02
         211 -2.4528118E-02  7.4575092E-03  2.4628039E-02 -7.9213353E-03
  2.7054272E-04 -2.3785034E-02  2.7054216E-04  2.3514526E-02  0.8137337    
 -0.3978342     -0.4237516     -0.5810992     -0.5727586     -0.5781620    
 -1.2694746E-02  0.7167116     -0.6972542      1.1625324E-03  1.2849142E-07
 -3.5216793E-08  1.0839455E-07  4.9736880E-02  4.5164902E-02
         212 -2.4813036E-02  6.7996797E-03  2.4923842E-02 -7.2454717E-03
  2.5699934E-04 -2.4282183E-02  2.5700001E-04  2.4025189E-02  0.8042327    
 -0.4216791     -0.4188038     -0.5942044     -0.5840837     -0.5529624    
 -1.1443733E-02  0.6935654     -0.7203027      1.2013291E-03  1.3369102E-07
 -3.3944584E-08  1.1683249E-07  5.0307736E-02  4.5792792E-02
         213 -2.5094781E-02  6.1674886E-03  2.5212906E-02 -6.5913610E-03
  2.4149875E-04 -2.4738370E-02  2.4149881E-04  2.4496827E-02  0.7951063    
 -0.4431331     -0.4140520     -0.6063828     -0.5924597     -0.5303691    
 -1.0285033E-02  0.6727738     -0.7397767      1.2384544E-03  1.3899141E-07
 -3.2399896E-08  1.2511035E-07  5.0861508E-02  4.6400476E-02
         214 -2.5369972E-02  5.5683372E-03  2.5491515E-02 -5.9664450E-03
  2.2425607E-04 -2.5151916E-02  2.2425667E-04  2.4927685E-02  0.7864496    
 -0.4623538     -0.4095438     -0.6175861     -0.5985101     -0.5102676    
 -9.1919722E-03  0.6542283     -0.7562413      1.2735614E-03  1.4432779E-07
 -3.0639207E-08  1.3310405E-07  5.1390830E-02  4.6980090E-02
         215 -2.5634414E-02  5.0071231E-03  2.5756417E-02 -5.3775273E-03
  2.0634937E-04 -2.5523851E-02  2.0634930E-04  2.5317492E-02  0.7783488    
 -0.4794630     -0.4053251     -0.6277787     -0.6027783     -0.4924960    
 -8.1875436E-03  0.6377881     -0.7701684      1.3063895E-03  1.4962328E-07
 -2.8726429E-08  1.4071666E-07  5.1891066E-02  4.7526773E-02
         216 -2.5885910E-02  4.4883802E-03  2.6005160E-02 -4.8286561E-03
  1.8755374E-04 -2.5854340E-02  1.8755568E-04  2.5666805E-02  0.7708454    
 -0.4946323     -0.4014178     -0.6369811     -0.6056641     -0.4768920    
 -7.2381310E-03  0.6233056     -0.7819449      1.3367437E-03  1.5480701E-07
 -2.6725568E-08  1.4785915E-07  5.2356809E-02  4.8034847E-02
         217 -2.6121533E-02  4.0158965E-03  2.6235301E-02 -4.3242606E-03
  1.6828370E-04 -2.6144512E-02  1.6828271E-04  2.5976241E-02  0.7639886    
 -0.5079757     -0.3978469     -0.6451986     -0.6075047     -0.4633107    
 -6.3432516E-03  0.6106544     -0.7918718      1.3644388E-03  1.5979506E-07
 -2.4704278E-08  1.5445282E-07  5.2783813E-02  4.8499919E-02
         218 -2.6338937E-02  3.5924988E-03  2.6444849E-02 -3.8674851E-03
  1.4868089E-04 -2.6395546E-02  1.4868121E-04  2.6246855E-02  0.7578083    
 -0.5196103     -0.3946286     -0.6524541     -0.6085643     -0.4516116    
 -5.4947841E-03  0.5997121     -0.8001970      1.3893327E-03  1.6450500E-07
 -2.2726519E-08  1.6043188E-07  5.3168353E-02  4.8918147E-02
         219 -2.6536170E-02  3.2200823E-03  2.6632195E-02 -3.4608878E-03
  1.2912440E-04 -2.6609166E-02  1.2912357E-04  2.6480036E-02  0.7523272    
 -0.5296383     -0.3917743     -0.6587729     -0.6090598     -0.4416610    
 -4.6933880E-03  0.5903639     -0.8071236      1.4113330E-03  1.6885890E-07
 -2.0852097E-08  1.6574812E-07  5.3507932E-02  4.9287017E-02
         220 -2.6711931E-02  2.9011851E-03  2.6795993E-02 -3.1060972E-03
  1.0904726E-04 -2.6785703E-02  1.0904628E-04  2.6676672E-02  0.7475526    
 -0.5381633     -0.3892882     -0.6641911     -0.6091368     -0.4333620    
 -3.9102454E-03  0.5825227     -0.8128051      1.4303303E-03  1.7278180E-07
 -1.9136422E-08  1.7034691E-07  5.3798817E-02  4.9602661E-02
         221 -2.6863949E-02  2.6365670E-03  2.6934877E-02 -2.8055671E-03
  8.9310124E-05 -2.6927285E-02  8.9310961E-05  2.6837984E-02  0.7435107    
 -0.5452349     -0.3871830     -0.6687165     -0.6089478     -0.4266156    
 -3.1685205E-03  0.5761089     -0.8173668      1.4462541E-03  1.7619691E-07
 -1.7629388E-08  1.7419889E-07  5.4039992E-02  4.9864136E-02
         222 -2.6991714E-02  2.4270148E-03  2.7048277E-02 -2.5594272E-03
  6.9580063E-05 -2.7034780E-02  6.9579379E-05  2.6965197E-02  0.7401925    
 -0.5509439     -0.3854554     -0.6723905     -0.6085789     -0.4213344    
 -2.4484168E-03  0.5710452     -0.8209150      1.4590791E-03  1.7905199E-07
 -1.6368443E-08  1.7728001E-07  5.4229718E-02  5.0069686E-02
         223 -2.7094394E-02  2.2742166E-03  2.7135324E-02 -2.3687941E-03
  4.9460210E-05 -2.7108215E-02  4.9458402E-05  2.7058758E-02  0.7376029    
 -0.5553411     -0.3841070     -0.6752325     -0.6080911     -0.4174760    
 -1.7304381E-03  0.5672930     -0.8235142      1.4687298E-03  1.8129118E-07
 -1.5390073E-08  1.7955699E-07  5.4365598E-02  5.0216824E-02
         224 -2.7170330E-02  2.1779535E-03  2.7195269E-02 -2.2351053E-03
  2.9772571E-05 -2.7149228E-02  2.9773151E-05  2.7119461E-02  0.7357594    
 -0.5584414     -0.3831467     -0.6772423     -0.6075591     -0.4149879    
 -1.0378405E-03  0.5648143     -0.8252174      1.4751748E-03  1.8286582E-07
 -1.4720144E-08  1.8102220E-07  5.4447826E-02  5.0305836E-02
         225 -2.7219731E-02  2.1387446E-03  2.7228093E-02 -2.1578346E-03
  9.9141389E-06 -2.7157754E-02  9.9131421E-06  2.7147837E-02  0.7346483    
 -0.5602978     -0.3825679     -0.6784481     -0.6069976     -0.4138383    
 -3.4512204E-04  0.5635780     -0.8260627      1.4784106E-03  1.8375566E-07
 -1.4373089E-08  1.8166573E-07  5.4475296E-02  5.0335564E-02
         226 -2.7241837E-02  2.1567596E-03  2.7233457E-02 -2.1376538E-03
 -9.9065446E-06 -2.7134152E-02 -9.9048966E-06  2.7144054E-02  0.7342778    
 -0.5609148     -0.3823751     -0.6788490     -0.6064276     -0.4140164    
  3.4512204E-04  0.5635780     -0.8260627      1.4784106E-03  1.8393884E-07
 -1.4358600E-08  1.8148256E-07  5.4475296E-02  5.0335564E-02
         227 -2.7236432E-02  2.2318612E-03  2.7211396E-02 -2.1745327E-03
 -2.9687191E-05 -2.7078526E-02 -2.9688079E-05  2.7108207E-02  0.7346482    
 -0.5602978     -0.3825680     -0.6784474     -0.6058474     -0.4155213    
  1.0378405E-03  0.5648143     -0.8252174      1.4751749E-03  1.8341228E-07
 -1.4675717E-08  1.8047587E-07  5.4447826E-02  5.0305836E-02
         228 -2.7203398E-02  2.3632343E-03  2.7162202E-02 -2.2681721E-03
 -4.9226837E-05 -2.6991181E-02 -4.9227405E-05  2.7040407E-02  0.7357594    
 -0.5584414     -0.3831467     -0.6772408     -0.6052453     -0.4183575    
  1.7304381E-03  0.5672930     -0.8235142      1.4687298E-03  1.8218759E-07
 -1.5313233E-08  1.7866054E-07  5.4365598E-02  5.0216824E-02
         229 -2.7143413E-02  2.5511850E-03  2.7086303E-02 -2.4178114E-03
 -6.9122223E-05 -2.6870966E-02 -6.9122230E-05  2.6940092E-02  0.7376029    
 -0.5553412     -0.3841067     -0.6752303     -0.6045689     -0.4225643    
  2.4484168E-03  0.5710452     -0.8209150      1.4590791E-03  1.8029014E-07
 -1.6254099E-08  1.7604175E-07  5.4229718E-02  5.0069686E-02
         230 -2.7055921E-02  2.7941978E-03  2.6984069E-02 -2.6236509E-03
 -8.8558962E-05 -2.6718378E-02 -8.8558132E-05  2.6806951E-02  0.7401927    
 -0.5509438     -0.3854552     -0.6723874     -0.6037876     -0.4281773    
  3.1685205E-03  0.5761089     -0.8173668      1.4462542E-03  1.7774830E-07
 -1.7472367E-08  1.7264755E-07  5.4039992E-02  4.9864136E-02
         231 -2.6942145E-02  3.0910734E-03  2.6856676E-02 -2.8837298E-03
 -1.0790289E-04 -2.6532706E-02 -1.0790297E-04  2.6640594E-02  0.7435106    
 -0.5452350     -0.3871832     -0.6687127     -0.6028152     -0.4352438    
  3.9102454E-03  0.5825227     -0.8128051      1.4303304E-03  1.7461893E-07
 -1.8929999E-08  1.6850970E-07  5.3798817E-02  4.9602661E-02
         232 -2.6802992E-02  3.4414055E-03  2.6704943E-02 -3.1971673E-03
 -1.2752274E-04 -2.6312387E-02 -1.2752111E-04  2.6439905E-02  0.7475528    
 -0.5381632     -0.3892880     -0.6641858     -0.6015404     -0.4438540    
  4.6933880E-03  0.5903639     -0.8071236      1.4113332E-03  1.7095591E-07
 -2.0588203E-08  1.6365102E-07  5.3507932E-02  4.9287017E-02
         233 -2.6638497E-02  3.8427953E-03  2.6529858E-02 -3.5632353E-03
 -1.4656443E-04 -2.6057526E-02 -1.4656434E-04  2.6204113E-02  0.7523271    
 -0.5296384     -0.3917744     -0.6587669     -0.5998572     -0.4540899    
  5.4947841E-03  0.5997121     -0.8001970      1.3893327E-03  1.6681724E-07
 -2.2398844E-08  1.5811933E-07  5.3168353E-02  4.8918147E-02
         234 -2.6450621E-02  4.2935302E-03  2.6333191E-02 -3.9791637E-03
 -1.6553565E-04 -2.5766805E-02 -1.6553620E-04  2.5932329E-02  0.7578085    
 -0.5196100     -0.3946285     -0.6524462     -0.5975839     -0.4660551    
  6.3432516E-03  0.6106544     -0.7918718      1.3644386E-03  1.6228348E-07
 -2.4306052E-08  1.5196390E-07  5.2783813E-02  4.8499919E-02
         235 -2.6240399E-02  4.7910302E-03  2.6116408E-02 -4.4431291E-03
 -1.8410858E-04 -2.5439372E-02 -1.8410959E-04  2.5623469E-02  0.7639884    
 -0.5079759     -0.3978470     -0.6451895     -0.5945171     -0.4798750    
  7.2381310E-03  0.6233056     -0.7819449      1.3367437E-03  1.5742557E-07
 -2.6251991E-08  1.4524005E-07  5.2356809E-02  4.8034847E-02
         236 -2.6009563E-02  5.3322366E-03  2.5881507E-02 -4.9523045E-03
 -2.0210548E-04 -2.5074547E-02 -2.0210413E-04  2.5276674E-02  0.7708454    
 -0.4946323     -0.4014178     -0.6369696     -0.5903941     -0.4956858    
  8.1875436E-03  0.6377881     -0.7701684      1.3063893E-03  1.5232281E-07
 -2.8174945E-08  1.3801630E-07  5.1891066E-02  4.7526773E-02
         237 -2.5759991E-02  5.9128799E-03  2.5630841E-02 -5.5030887E-03
 -2.1913955E-04 -2.4672322E-02 -2.1913857E-04  2.4891438E-02  0.7783487    
 -0.4794629     -0.4053252     -0.6277648     -0.5848938     -0.5136250    
  9.1919722E-03  0.6542283     -0.7562413      1.2735614E-03  1.4705520E-07
 -3.0010892E-08  1.3037567E-07  5.1390830E-02  4.6980090E-02
         238 -2.5494477E-02  6.5289447E-03  2.5367029E-02 -6.0909800E-03
 -2.3547767E-04 -2.4231812E-02 -2.3547636E-04  2.4467276E-02  0.7864498    
 -0.4623536     -0.4095435     -0.6175686     -0.5775851     -0.5338582    
  1.0285033E-02  0.6727738     -0.7397767      1.2384545E-03  1.4170050E-07
 -3.1697699E-08  1.2240004E-07  5.0861508E-02  4.6400476E-02
         239 -2.5215028E-02  7.1741994E-03  2.5092708E-02 -6.7115771E-03
 -2.4991116E-04 -2.3754656E-02 -2.4991113E-04  2.4004554E-02  0.7951068    
 -0.4431326     -0.4140516     -0.6063615     -0.5679793     -0.5565297    
  1.1443733E-02  0.6935654     -0.7203027      1.2013289E-03  1.3632651E-07
 -3.3178043E-08  1.1419529E-07  5.0307736E-02  4.5792792E-02
         240 -2.4925355E-02  7.8414772E-03  2.4811525E-02 -7.3578036E-03
 -2.6236867E-04 -2.3242479E-02 -2.6236771E-04  2.3504814E-02  0.8042326    
 -0.4216790     -0.4188039     -0.5941790     -0.5554379     -0.5817559    
  1.2694746E-02  0.7167116     -0.6972542      1.1625323E-03  1.3100674E-07
 -3.4398582E-08  1.0587720E-07  4.9736880E-02  4.5164902E-02
         241 -2.4629202E-02  8.5231792E-03  2.4526905E-02 -8.0224331E-03
 -2.7247591E-04 -2.2697786E-02 -2.7247699E-04  2.2970257E-02  0.8137333    
 -0.3978346     -0.4237520     -0.5810682     -0.5391607     -0.6096437    
  1.4066932E-02  0.7423162     -0.6699021      1.1224316E-03  1.2579936E-07
 -3.5319015E-08  9.7562214E-08  4.9156107E-02  4.4524536E-02
         242 -2.4330301E-02  9.2089446E-03  2.4242654E-02 -8.6975163E-03
 -2.7863061E-04 -2.2126667E-02 -2.7862945E-04  2.2405291E-02  0.8235039    
 -0.3714001     -0.4288394     -0.5670978     -0.5182225     -0.6401918    
  1.5533089E-02  0.7703944     -0.6373784      1.0815244E-03  1.2075832E-07
 -3.5914827E-08  8.9389744E-08  4.8572958E-02  4.3879874E-02
         243 -2.4033939E-02  9.8868748E-03  2.3963317E-02 -9.3719978E-03
 -2.8033412E-04 -2.1536719E-02 -2.8033333E-04  2.1817023E-02  0.8333814    
 -0.3422487     -0.4339831     -0.5524329     -0.4914760     -0.6732527    
  1.7127572E-02  0.8008228     -0.5986564      1.0404304E-03  1.1593826E-07
 -3.6177116E-08  8.1504588E-08  4.7997259E-02  4.3241739E-02
         244 -2.3745611E-02  1.0543093E-02  2.3693258E-02 -1.0034311E-02
 -2.7593356E-04 -2.0939540E-02 -2.7593193E-04  2.1215489E-02  0.8431896    
 -0.3102098     -0.4390914     -0.5372860     -0.4576041     -0.7084647    
  1.8842684E-02  0.8332877     -0.5525183      9.9989341E-04  1.1138915E-07
 -3.6121978E-08  7.4057915E-08  4.7438871E-02  4.2621095E-02
         245 -2.3471750E-02  1.1161344E-02  2.3437539E-02 -1.0670921E-02
 -2.6391950E-04 -2.0351231E-02 -2.6391933E-04  2.0615131E-02  0.8527101    
 -0.2751481     -0.4440485     -0.5219753     -0.4151480     -0.7451133    
  2.0670632E-02  0.8671480     -0.4976214      9.6085144E-04  1.0717063E-07
 -3.5791722E-08  6.7208774E-08  4.6909288E-02  4.2030849E-02
         246 -2.3219619E-02  1.1722618E-02  2.3201127E-02 -1.1266162E-02
 -2.4228536E-04 -1.9793183E-02 -2.4228588E-04  2.0035487E-02  0.8616828    
 -0.2369630     -0.4487217     -0.5069445     -0.3626305     -0.7819887    
  2.2582209E-02  0.9013033     -0.4325996      9.2443824E-04  1.0335074E-07
 -3.5255020E-08  6.1118229E-08  4.6420749E-02  4.1484900E-02
         247 -2.2997273E-02  1.2206364E-02  2.2989808E-02 -1.1802628E-02
 -2.0937395E-04 -1.9292343E-02 -2.0937415E-04  1.9501686E-02  0.8698100    
 -0.1956115     -0.4529533     -0.4927758     -0.2987505     -0.8172638    
  2.4546172E-02  0.9340687     -0.3562487      8.9201209E-04  1.0001985E-07
 -3.4608284E-08  5.5947133E-08  4.5987081E-02  4.0999055E-02
         248 -2.2813102E-02  1.2589759E-02  2.2809349E-02 -1.2261176E-02
 -1.6336462E-04 -1.8881088E-02 -1.6336345E-04  1.9044477E-02  0.8767618    
 -0.1510945     -0.4565734     -0.4801951     -0.2227558     -0.8484059    
  2.6485071E-02  0.9630941     -0.2678586      8.6512865E-04  9.7286232E-08
 -3.3968007E-08  5.1854926E-08  4.5622453E-02  4.0589646E-02
         249 -2.2675416E-02  1.2849608E-02  2.2666760E-02 -1.2620385E-02
 -1.0335124E-04 -1.8595764E-02 -1.0335110E-04  1.8699063E-02  0.8821800    
 -0.1035085     -0.4593956     -0.4700610     -0.1349238     -0.8722605    
  2.8302945E-02  0.9854347     -0.1676824      8.4551435E-04  9.5281777E-08
 -3.3462214E-08  4.9003859E-08  4.5342173E-02  4.0274359E-02
         250 -2.2591986E-02  1.2962976E-02  2.2570269E-02 -1.2857546E-02
 -2.9572437E-05 -1.8472999E-02 -2.9571507E-05  1.8502545E-02  0.8856958    
 -5.3044293E-02 -0.4612258     -0.4633033     -3.7041549E-02 -0.8854253    
  2.9882241E-02  0.9979049     -5.7383142E-02  8.3494943E-04  9.4151623E-08
 -3.3214238E-08  4.7564182E-08  4.5162257E-02  4.0071692E-02
