  4.0758867E-02
  4.0698633E-02
  4.0640939E-02
  4.0585659E-02
  4.0532704E-02
  4.0482394E-02
  4.0434349E-02
  4.0388945E-02
  4.0345985E-02
  4.0305372E-02
  4.0267397E-02
  4.0231880E-02
  4.0198892E-02
  4.0168375E-02
  4.0140409E-02
  4.0115021E-02
  4.0092140E-02
  4.0071707E-02
  4.0053874E-02
  4.0038567E-02
  4.0025823E-02
  4.0015623E-02
  4.0007979E-02
  4.0002875E-02
  4.0000316E-02
  4.0000316E-02
  4.0002875E-02
  4.0007979E-02
  4.0015623E-02
  4.0025823E-02
  4.0038567E-02
  4.0053874E-02
  4.0071707E-02
  4.0092140E-02
  4.0115021E-02
  4.0140409E-02
  4.0168375E-02
  4.0198892E-02
  4.0231880E-02
  4.0267397E-02
  4.0305372E-02
  4.0345985E-02
  4.0388945E-02
  4.0434349E-02
  4.0482394E-02
  4.0532704E-02
  4.0585659E-02
  4.0640939E-02
  4.0698633E-02
  4.0758867E-02
  4.0598981E-02
  4.0551279E-02
  4.0505745E-02
  4.0462088E-02
  4.0420238E-02
  4.0380556E-02
  4.0342510E-02
  4.0306788E-02
  4.0272713E-02
  4.0240772E-02
  4.0210787E-02
  4.0182848E-02
  4.0156815E-02
  4.0132731E-02
  4.0110692E-02
  4.0090635E-02
  4.0072635E-02
  4.0056489E-02
  4.0042467E-02
  4.0030383E-02
  4.0020373E-02
  4.0012326E-02
  4.0006291E-02
  4.0002264E-02
  4.0000249E-02
  4.0000249E-02
  4.0002264E-02
  4.0006291E-02
  4.0012326E-02
  4.0020373E-02
  4.0030383E-02
  4.0042467E-02
  4.0056489E-02
  4.0072635E-02
  4.0090635E-02
  4.0110692E-02
  4.0132731E-02
  4.0156815E-02
  4.0182848E-02
  4.0210787E-02
  4.0240772E-02
  4.0272713E-02
  4.0306788E-02
  4.0342510E-02
  4.0380556E-02
  4.0420238E-02
  4.0462088E-02
  4.0505745E-02
  4.0551279E-02
  4.0598981E-02
  4.0422842E-02
  4.0389102E-02
  4.0356860E-02
  4.0326055E-02
  4.0296495E-02
  4.0268410E-02
  4.0241662E-02
  4.0216371E-02
  4.0192466E-02
  4.0169880E-02
  4.0148728E-02
  4.0129006E-02
  4.0110640E-02
  4.0093727E-02
  4.0078178E-02
  4.0063996E-02
  4.0051274E-02
  4.0039904E-02
  4.0029988E-02
  4.0021461E-02
  4.0014394E-02
  4.0008694E-02
  4.0004440E-02
  4.0001597E-02
  4.0000178E-02
  4.0000178E-02
  4.0001597E-02
  4.0004440E-02
  4.0008694E-02
  4.0014394E-02
  4.0021461E-02
  4.0029988E-02
  4.0039904E-02
  4.0051274E-02
  4.0063996E-02
  4.0078178E-02
  4.0093727E-02
  4.0110640E-02
  4.0129006E-02
  4.0148728E-02
  4.0169880E-02
  4.0192466E-02
  4.0216371E-02
  4.0241662E-02
  4.0268410E-02
  4.0296495E-02
  4.0326055E-02
  4.0356860E-02
  4.0389102E-02
  4.0422842E-02
  4.0224630E-02
  4.0206607E-02
  4.0189501E-02
  4.0173240E-02
  4.0157437E-02
  4.0142708E-02
  4.0128540E-02
  4.0115185E-02
  4.0102489E-02
  4.0090553E-02
  4.0079448E-02
  4.0068939E-02
  4.0059250E-02
  4.0050115E-02
  4.0041879E-02
  4.0034331E-02
  4.0027536E-02
  4.0021386E-02
  4.0016115E-02
  4.0011521E-02
  4.0007737E-02
  4.0004693E-02
  4.0002383E-02
  4.0000863E-02
  4.0000096E-02
  4.0000096E-02
  4.0000863E-02
  4.0002383E-02
  4.0004693E-02
  4.0007737E-02
  4.0011521E-02
  4.0016115E-02
  4.0021386E-02
  4.0027536E-02
  4.0034331E-02
  4.0041879E-02
  4.0050115E-02
  4.0059250E-02
  4.0068939E-02
  4.0079448E-02
  4.0090553E-02
  4.0102489E-02
  4.0115185E-02
  4.0128540E-02
  4.0142708E-02
  4.0157437E-02
  4.0173240E-02
  4.0189501E-02
  4.0206607E-02
  4.0224630E-02
  4.0053848E-02
  4.0049478E-02
  4.0045414E-02
  4.0041644E-02
  4.0038042E-02
  4.0034760E-02
  4.0031571E-02
  4.0028583E-02
  4.0025756E-02
  4.0022902E-02
  4.0020317E-02
  4.0017825E-02
  4.0015381E-02
  4.0013142E-02
  4.0011037E-02
  4.0009081E-02
  4.0007342E-02
  4.0005699E-02
  4.0004347E-02
  4.0003102E-02
  4.0002078E-02
  4.0001266E-02
  4.0000644E-02
  4.0000234E-02
  4.0000029E-02
  4.0000029E-02
  4.0000234E-02
  4.0000644E-02
  4.0001266E-02
  4.0002078E-02
  4.0003102E-02
  4.0004347E-02
  4.0005699E-02
  4.0007342E-02
  4.0009081E-02
  4.0011037E-02
  4.0013142E-02
  4.0015381E-02
  4.0017825E-02
  4.0020317E-02
  4.0022902E-02
  4.0025756E-02
  4.0028583E-02
  4.0031571E-02
  4.0034760E-02
  4.0038042E-02
  4.0041644E-02
  4.0045414E-02
  4.0049478E-02
  4.0053848E-02
