 (-0.3734926,-5.0650050E-07) (-0.3748769,-1.6593216E-06)
 (-0.3850209,-4.0331420E-06) (-0.3926173,-6.7956885E-06)
 (-0.3868552,-8.0911414E-06) (-0.3618220,-5.8627033E-06)
 (-0.3163618,1.4188289E-06) (-0.2540745,1.4145083E-05)
 (-0.1828023,3.0976982E-05) (-0.1136995,4.8730606E-05)
 (-5.8784734E-02,6.2702777E-05) (-2.7951257E-02,6.7887035E-05)
 (-2.5430441E-02,6.0780498E-05) (-4.7702532E-02,4.1124069E-05)
 (-8.3900370E-02,1.2817911E-05) (-0.1191951,-1.6984348E-05)
 (-0.1407523,-4.0621606E-05) (-0.1427748,-5.3212159E-05)
 (-0.1283310,-5.4730634E-05) (-0.1056097,-4.8974456E-05)
 (-8.1834838E-02,-4.0062976E-05) (-5.9255362E-02,-2.8765668E-05)
 (-3.6781233E-02,-1.8059891E-05) (-1.4598217E-02,-5.5034598E-06)
 (4.7290963E-03,5.1192283E-06) (1.9337924E-02,1.1868134E-05)
 (3.0460268E-02,1.5155524E-05) (4.0039215E-02,1.6251881E-05)
 (4.8638500E-02,1.5568188E-05) (5.6186974E-02,1.3112071E-05)
 (6.3129827E-02,9.3652661E-06) (6.9841988E-02,4.8762731E-06)
 (7.6424457E-02,6.9025411E-08) (8.3100408E-02,-4.6121268E-06)
 (8.9988790E-02,-8.7423969E-06) (9.7258545E-02,-1.1835476E-05)
 (0.1049448,-1.3705840E-05) (0.1131233,-1.4109153E-05)
 (0.1217389,-1.3325134E-05) (0.1307621,-1.0966848E-05)
 (0.1401382,-7.6618289E-06) (0.1497438,-3.6449201E-06) (0.1595781,1.0740001E-06)
 (0.1696199,4.9932905E-06) (0.1800386,8.9991981E-06) (0.1910301,1.2579834E-05)
 (0.2030239,1.5666670E-05) (0.2165667,1.8379087E-05) (0.2325881,2.0970454E-05)
 (0.2529401,2.4044701E-05) (-0.3239353,-2.8293070E-07)
 (-0.3158772,-7.6012446E-07) (-0.3087690,-1.5009591E-06)
 (-0.3001745,-2.2229995E-06) (-0.2864178,-2.2228473E-06)
 (-0.2648821,-6.4987682E-07) (-0.2350523,3.1777247E-06)
 (-0.1988580,9.2565342E-06) (-0.1599899,1.6890193E-05)
 (-0.1231929,2.4644683E-05) (-9.2969030E-02,3.0644154E-05)
 (-7.2641231E-02,3.3060052E-05) (-6.3353725E-02,3.0699117E-05)
 (-6.3856550E-02,2.3286657E-05) (-7.0964620E-02,1.1930392E-05)
 (-8.0398053E-02,-1.4464376E-06) (-8.8189915E-02,-1.4512733E-05)
 (-9.1530755E-02,-2.5227771E-05) (-8.9374594E-02,-3.2315242E-05)
 (-8.2051471E-02,-3.5404646E-05) (-7.0821069E-02,-3.4835670E-05)
 (-5.7087488E-02,-3.1342101E-05) (-4.2076048E-02,-2.5753492E-05)
 (-2.6761442E-02,-1.8897970E-05) (-1.1739005E-02,-1.1489125E-05)
 (2.5758410E-03,-4.1264684E-06) (1.6066808E-02,2.7275000E-06)
 (2.8685316E-02,8.7370599E-06) (4.0528119E-02,1.3651359E-05)
 (5.1613495E-02,1.7254495E-05) (6.2007025E-02,1.9378635E-05)
 (7.1789563E-02,1.9918289E-05) (8.1006765E-02,1.8868457E-05)
 (8.9832284E-02,1.6336915E-05) (9.8398417E-02,1.2549925E-05)
 (0.1069578,7.8354524E-06) (0.1156924,2.5976444E-06) (0.1248682,-2.7027572E-06)
 (0.1346406,-7.6919150E-06) (0.1451913,-1.1908804E-05)
 (0.1566593,-1.5054456E-05) (0.1690620,-1.6902035E-05)
 (0.1824594,-1.7330145E-05) (0.1967772,-1.6325055E-05)
 (0.2120017,-1.3969810E-05) (0.2280130,-1.0425741E-05)
 (0.2447797,-5.9136310E-06) (0.2622039,-6.9090009E-07) (0.2802873,4.9800510E-06)
 (0.2989675,1.0860733E-05) (-0.2600652,-7.4610732E-08)
 (-0.2496791,-2.3903743E-07) (-0.2386038,-4.0867286E-07)
 (-0.2258845,-3.9116148E-07) (-0.2099991,1.7404942E-07)
 (-0.1900050,1.6996105E-06) (-0.1657887,4.4845028E-06)
 (-0.1385773,8.4739659E-06) (-0.1106575,1.3174653E-05)
 (-8.4884830E-02,1.7668453E-05) (-6.3868932E-02,2.0814317E-05)
 (-4.9531188E-02,2.1550812E-05) (-4.2369694E-02,1.9219027E-05)
 (-4.1477624E-02,1.3795896E-05) (-4.4961851E-02,5.9447393E-06)
 (-5.0253913E-02,-3.1464895E-06) (-5.4982491E-02,-1.2069849E-05)
 (-5.7405222E-02,-1.9549732E-05) (-5.6686714E-02,-2.4707562E-05)
 (-5.2746713E-02,-2.7165390E-05) (-4.6210617E-02,-2.7012768E-05)
 (-3.7847862E-02,-2.4636511E-05) (-2.8422736E-02,-2.0594047E-05)
 (-1.8646399E-02,-1.5465532E-05) (-8.9049404E-03,-9.7646825E-06)
 (5.1994424E-04,-3.9427860E-06) (9.4875302E-03,1.6157701E-06)
 (1.7923534E-02,6.5968102E-06) (2.5871195E-02,1.0727457E-05)
 (3.3268657E-02,1.3786564E-05) (4.0169358E-02,1.5605576E-05)
 (4.6648558E-02,1.6070926E-05) (5.2705817E-02,1.5170557E-05)
 (5.8517907E-02,1.2991552E-05) (6.4230852E-02,9.7306747E-06)
 (7.0048943E-02,5.6768376E-06) (7.6180369E-02,1.1895901E-06)
 (8.2912423E-02,-3.3391098E-06) (9.0376399E-02,-7.5241155E-06)
 (9.8793015E-02,-1.1006261E-05) (0.1083329,-1.3557777E-05)
 (0.1189881,-1.4949530E-05) (0.1308488,-1.5110310E-05)
 (0.1438670,-1.4045579E-05) (0.1579688,-1.1847043E-05)
 (0.1730306,-8.6651098E-06) (0.1889950,-4.6913774E-06)
 (0.2056514,-1.3284713E-07) (0.2230258,4.8131460E-06) (0.2409957,9.9576655E-06)
 (-0.1744908,1.1735223E-07) (-0.1643599,1.5830148E-07)
 (-0.1532192,3.2496879E-07) (-0.1405367,7.6494416E-07)
 (-0.1256678,1.6748889E-06) (-0.1085549,3.2181993E-06)
 (-8.9483202E-02,5.4644497E-06) (-6.9519535E-02,8.2562692E-06)
 (-5.0229263E-02,1.1175802E-05) (-3.3450533E-02,1.3578910E-05)
 (-2.0654542E-02,1.4733412E-05) (-1.2967019E-02,1.4020584E-05)
 (-1.0400693E-02,1.1138475E-05) (-1.2045939E-02,6.2326690E-06)
 (-1.6536208E-02,-1.0143642E-07) (-2.1955118E-02,-6.9448156E-06)
 (-2.6675975E-02,-1.3276491E-05) (-2.9523572E-02,-1.8211707E-05)
 (-3.0003207E-02,-2.1187712E-05) (-2.8095363E-02,-2.2025637E-05)
 (-2.4434555E-02,-2.0904530E-05) (-1.9637665E-02,-1.8236120E-05)
 (-1.4290226E-02,-1.4525024E-05) (-9.0029696E-03,-1.0253355E-05)
 (-3.9597861E-03,-5.8214796E-06) (6.9656054E-04,-1.5173009E-06)
 (4.9602995E-03,2.4426658E-06) (8.8405563E-03,5.8796704E-06)
 (1.2479538E-02,8.6588625E-06) (1.5778311E-02,1.0643815E-05)
 (1.8811572E-02,1.1719902E-05) (2.1656277E-02,1.1809982E-05)
 (2.4211526E-02,1.0867444E-05) (2.6646838E-02,8.9691048E-06)
 (2.9043989E-02,6.2498575E-06) (3.1562995E-02,2.9300522E-06)
 (3.4360379E-02,-7.0448834E-07) (3.7751552E-02,-4.3366931E-06)
 (4.1795444E-02,-7.6502556E-06) (4.6750642E-02,-1.0363879E-05)
 (5.2848153E-02,-1.2253913E-05) (6.0041130E-02,-1.3169329E-05)
 (6.8515942E-02,-1.3070330E-05) (7.8248210E-02,-1.1953018E-05)
 (8.9209415E-02,-9.9114186E-06) (0.1012890,-7.0757424E-06)
 (0.1144810,-3.6099559E-06) (0.1285609,3.3695454E-07) (0.1435724,4.6221853E-06)
 (0.1594222,9.1330312E-06) (-6.6059992E-02,2.8304700E-07)
 (-5.9042845E-02,4.7064864E-07) (-5.1321190E-02,8.5133541E-07)
 (-4.2452283E-02,1.5408795E-06) (-3.2101370E-02,2.6444864E-06)
 (-2.0392813E-02,4.2005749E-06) (-7.8671016E-03,6.1220312E-06)
 (4.4772057E-03,8.1619455E-06) (1.5418761E-02,9.9157787E-06)
 (2.3709496E-02,1.0883303E-05) (2.8463114E-02,1.0580849E-05)
 (2.9191272E-02,8.6775462E-06) (2.6169032E-02,5.1219622E-06)
 (2.0288270E-02,2.0083905E-07) (1.2783529E-02,-5.4793759E-06)
 (5.1482418E-03,-1.1109255E-05) (-1.3542718E-03,-1.5849711E-05)
 (-5.8596348E-03,-1.9014109E-05) (-8.0545451E-03,-2.0213165E-05)
 (-8.0825659E-03,-1.9412797E-05) (-6.5624337E-03,-1.6901184E-05)
 (-4.1989023E-03,-1.3204537E-05) (-1.6699933E-03,-8.9152918E-06)
 (4.3625932E-04,-4.5961579E-06) (1.8654326E-03,-6.7164677E-07)
 (2.5332607E-03,2.6038995E-06) (2.5338191E-03,5.1237066E-06)
 (2.0294480E-03,6.8924405E-06) (1.2474352E-03,7.9655165E-06)
 (2.7921528E-04,8.4038093E-06) (-7.6264329E-04,8.2431234E-06)
 (-1.8144659E-03,7.5150447E-06) (-2.9272360E-03,6.2289828E-06)
 (-4.0513235E-03,4.4193971E-06) (-5.1689073E-03,2.1655330E-06)
 (-6.2105525E-03,-4.0579985E-07) (-7.0844591E-03,-3.1161831E-06)
 (-7.6067857E-03,-5.7564198E-06) (-7.6867561E-03,-8.1025255E-06)
 (-7.1396101E-03,-9.9610061E-06) (-5.7861428E-03,-1.1158090E-05)
 (-3.5762994E-03,-1.1589210E-05) (-3.5848678E-04,-1.1211291E-05)
 (3.9152373E-03,-1.0042678E-05) (9.2975348E-03,-8.1529952E-06)
 (1.5795989E-02,-5.6493145E-06) (2.3464607E-02,-2.6525067E-06)
 (3.2324247E-02,7.3316050E-07) (4.2472817E-02,4.4270869E-06)
 (5.3892266E-02,8.3721916E-06)
