	250
elem       1       1    2   53   52
elem       2       2    3   54   53
elem       3       3    4   55   54
elem       4       4    5   56   55
elem       5       5    6   57   56
elem       6       6    7   58   57
elem       7       7    8   59   58
elem       8       8    9   60   59
elem       9       9   10   61   60
elem      10      10   11   62   61
elem      11      11   12   63   62
elem      12      12   13   64   63
elem      13      13   14   65   64
elem      14      14   15   66   65
elem      15      15   16   67   66
elem      16      16   17   68   67
elem      17      17   18   69   68
elem      18      18   19   70   69
elem      19      19   20   71   70
elem      20      20   21   72   71
elem      21      21   22   73   72
elem      22      22   23   74   73
elem      23      23   24   75   74
elem      24      24   25   76   75
elem      25      25   26   77   76
elem      26      26   27   78   77
elem      27      27   28   79   78
elem      28      28   29   80   79
elem      29      29   30   81   80
elem      30      30   31   82   81
elem      31      31   32   83   82
elem      32      32   33   84   83
elem      33      33   34   85   84
elem      34      34   35   86   85
elem      35      35   36   87   86
elem      36      36   37   88   87
elem      37      37   38   89   88
elem      38      38   39   90   89
elem      39      39   40   91   90
elem      40      40   41   92   91
elem      41      41   42   93   92
elem      42      42   43   94   93
elem      43      43   44   95   94
elem      44      44   45   96   95
elem      45      45   46   97   96
elem      46      46   47   98   97
elem      47      47   48   99   98
elem      48      48   49  100   99
elem      49      49   50  101  100
elem      50      50   51  102  101
elem      51      52   53  104  103
elem      52      53   54  105  104
elem      53      54   55  106  105
elem      54      55   56  107  106
elem      55      56   57  108  107
elem      56      57   58  109  108
elem      57      58   59  110  109
elem      58      59   60  111  110
elem      59      60   61  112  111
elem      60      61   62  113  112
elem      61      62   63  114  113
elem      62      63   64  115  114
elem      63      64   65  116  115
elem      64      65   66  117  116
elem      65      66   67  118  117
elem      66      67   68  119  118
elem      67      68   69  120  119
elem      68      69   70  121  120
elem      69      70   71  122  121
elem      70      71   72  123  122
elem      71      72   73  124  123
elem      72      73   74  125  124
elem      73      74   75  126  125
elem      74      75   76  127  126
elem      75      76   77  128  127
elem      76      77   78  129  128
elem      77      78   79  130  129
elem      78      79   80  131  130
elem      79      80   81  132  131
elem      80      81   82  133  132
elem      81      82   83  134  133
elem      82      83   84  135  134
elem      83      84   85  136  135
elem      84      85   86  137  136
elem      85      86   87  138  137
elem      86      87   88  139  138
elem      87      88   89  140  139
elem      88      89   90  141  140
elem      89      90   91  142  141
elem      90      91   92  143  142
elem      91      92   93  144  143
elem      92      93   94  145  144
elem      93      94   95  146  145
elem      94      95   96  147  146
elem      95      96   97  148  147
elem      96      97   98  149  148
elem      97      98   99  150  149
elem      98      99  100  151  150
elem      99     100  101  152  151
elem     100     101  102  153  152
elem     101     103  104  155  154
elem     102     104  105  156  155
elem     103     105  106  157  156
elem     104     106  107  158  157
elem     105     107  108  159  158
elem     106     108  109  160  159
elem     107     109  110  161  160
elem     108     110  111  162  161
elem     109     111  112  163  162
elem     110     112  113  164  163
elem     111     113  114  165  164
elem     112     114  115  166  165
elem     113     115  116  167  166
elem     114     116  117  168  167
elem     115     117  118  169  168
elem     116     118  119  170  169
elem     117     119  120  171  170
elem     118     120  121  172  171
elem     119     121  122  173  172
elem     120     122  123  174  173
elem     121     123  124  175  174
elem     122     124  125  176  175
elem     123     125  126  177  176
elem     124     126  127  178  177
elem     125     127  128  179  178
elem     126     128  129  180  179
elem     127     129  130  181  180
elem     128     130  131  182  181
elem     129     131  132  183  182
elem     130     132  133  184  183
elem     131     133  134  185  184
elem     132     134  135  186  185
elem     133     135  136  187  186
elem     134     136  137  188  187
elem     135     137  138  189  188
elem     136     138  139  190  189
elem     137     139  140  191  190
elem     138     140  141  192  191
elem     139     141  142  193  192
elem     140     142  143  194  193
elem     141     143  144  195  194
elem     142     144  145  196  195
elem     143     145  146  197  196
elem     144     146  147  198  197
elem     145     147  148  199  198
elem     146     148  149  200  199
elem     147     149  150  201  200
elem     148     150  151  202  201
elem     149     151  152  203  202
elem     150     152  153  204  203
elem     151     154  155  206  205
elem     152     155  156  207  206
elem     153     156  157  208  207
elem     154     157  158  209  208
elem     155     158  159  210  209
elem     156     159  160  211  210
elem     157     160  161  212  211
elem     158     161  162  213  212
elem     159     162  163  214  213
elem     160     163  164  215  214
elem     161     164  165  216  215
elem     162     165  166  217  216
elem     163     166  167  218  217
elem     164     167  168  219  218
elem     165     168  169  220  219
elem     166     169  170  221  220
elem     167     170  171  222  221
elem     168     171  172  223  222
elem     169     172  173  224  223
elem     170     173  174  225  224
elem     171     174  175  226  225
elem     172     175  176  227  226
elem     173     176  177  228  227
elem     174     177  178  229  228
elem     175     178  179  230  229
elem     176     179  180  231  230
elem     177     180  181  232  231
elem     178     181  182  233  232
elem     179     182  183  234  233
elem     180     183  184  235  234
elem     181     184  185  236  235
elem     182     185  186  237  236
elem     183     186  187  238  237
elem     184     187  188  239  238
elem     185     188  189  240  239
elem     186     189  190  241  240
elem     187     190  191  242  241
elem     188     191  192  243  242
elem     189     192  193  244  243
elem     190     193  194  245  244
elem     191     194  195  246  245
elem     192     195  196  247  246
elem     193     196  197  248  247
elem     194     197  198  249  248
elem     195     198  199  250  249
elem     196     199  200  251  250
elem     197     200  201  252  251
elem     198     201  202  253  252
elem     199     202  203  254  253
elem     200     203  204  255  254
elem     201     205  206  257  256
elem     202     206  207  258  257
elem     203     207  208  259  258
elem     204     208  209  260  259
elem     205     209  210  261  260
elem     206     210  211  262  261
elem     207     211  212  263  262
elem     208     212  213  264  263
elem     209     213  214  265  264
elem     210     214  215  266  265
elem     211     215  216  267  266
elem     212     216  217  268  267
elem     213     217  218  269  268
elem     214     218  219  270  269
elem     215     219  220  271  270
elem     216     220  221  272  271
elem     217     221  222  273  272
elem     218     222  223  274  273
elem     219     223  224  275  274
elem     220     224  225  276  275
elem     221     225  226  277  276
elem     222     226  227  278  277
elem     223     227  228  279  278
elem     224     228  229  280  279
elem     225     229  230  281  280
elem     226     230  231  282  281
elem     227     231  232  283  282
elem     228     232  233  284  283
elem     229     233  234  285  284
elem     230     234  235  286  285
elem     231     235  236  287  286
elem     232     236  237  288  287
elem     233     237  238  289  288
elem     234     238  239  290  289
elem     235     239  240  291  290
elem     236     240  241  292  291
elem     237     241  242  293  292
elem     238     242  243  294  293
elem     239     243  244  295  294
elem     240     244  245  296  295
elem     241     245  246  297  296
elem     242     246  247  298  297
elem     243     247  248  299  298
elem     244     248  249  300  299
elem     245     249  250  301  300
elem     246     250  251  302  301
elem     247     251  252  303  302
elem     248     252  253  304  303
elem     249     253  254  305  304
elem     250     254  255  306  305
		306
node       1    -0.10000E+01   0.00000E+00   0.00000E+00
node       2    -0.96000E+00   0.78400E-02   0.00000E+00
node       3    -0.92000E+00   0.15360E-01   0.00000E+00
node       4    -0.88000E+00   0.22560E-01   0.00000E+00
node       5    -0.84000E+00   0.29440E-01   0.00000E+00
node       6    -0.80000E+00   0.36000E-01   0.00000E+00
node       7    -0.76000E+00   0.42240E-01   0.00000E+00
node       8    -0.72000E+00   0.48160E-01   0.00000E+00
node       9    -0.68000E+00   0.53760E-01   0.00000E+00
node      10    -0.64000E+00   0.59040E-01   0.00000E+00
node      11    -0.60000E+00   0.64000E-01   0.00000E+00
node      12    -0.56000E+00   0.68640E-01   0.00000E+00
node      13    -0.52000E+00   0.72960E-01   0.00000E+00
node      14    -0.48000E+00   0.76960E-01   0.00000E+00
node      15    -0.44000E+00   0.80640E-01   0.00000E+00
node      16    -0.40000E+00   0.84000E-01   0.00000E+00
node      17    -0.36000E+00   0.87040E-01   0.00000E+00
node      18    -0.32000E+00   0.89760E-01   0.00000E+00
node      19    -0.28000E+00   0.92160E-01   0.00000E+00
node      20    -0.24000E+00   0.94240E-01   0.00000E+00
node      21    -0.20000E+00   0.96000E-01   0.00000E+00
node      22    -0.16000E+00   0.97440E-01   0.00000E+00
node      23    -0.12000E+00   0.98560E-01   0.00000E+00
node      24    -0.80000E-01   0.99360E-01   0.00000E+00
node      25    -0.40000E-01   0.99840E-01   0.00000E+00
node      26     0.00000E+00   0.10000E+00   0.00000E+00
node      27     0.40000E-01   0.99840E-01   0.00000E+00
node      28     0.80000E-01   0.99360E-01   0.00000E+00
node      29     0.12000E+00   0.98560E-01   0.00000E+00
node      30     0.16000E+00   0.97440E-01   0.00000E+00
node      31     0.20000E+00   0.96000E-01   0.00000E+00
node      32     0.24000E+00   0.94240E-01   0.00000E+00
node      33     0.28000E+00   0.92160E-01   0.00000E+00
node      34     0.32000E+00   0.89760E-01   0.00000E+00
node      35     0.36000E+00   0.87040E-01   0.00000E+00
node      36     0.40000E+00   0.84000E-01   0.00000E+00
node      37     0.44000E+00   0.80640E-01   0.00000E+00
node      38     0.48000E+00   0.76960E-01   0.00000E+00
node      39     0.52000E+00   0.72960E-01   0.00000E+00
node      40     0.56000E+00   0.68640E-01   0.00000E+00
node      41     0.60000E+00   0.64000E-01   0.00000E+00
node      42     0.64000E+00   0.59040E-01   0.00000E+00
node      43     0.68000E+00   0.53760E-01   0.00000E+00
node      44     0.72000E+00   0.48160E-01   0.00000E+00
node      45     0.76000E+00   0.42240E-01   0.00000E+00
node      46     0.80000E+00   0.36000E-01   0.00000E+00
node      47     0.84000E+00   0.29440E-01   0.00000E+00
node      48     0.88000E+00   0.22560E-01   0.00000E+00
node      49     0.92000E+00   0.15360E-01   0.00000E+00
node      50     0.96000E+00   0.78400E-02   0.00000E+00
node      51     0.10000E+01   0.00000E+00   0.00000E+00
node      52    -0.10000E+01   0.00000E+00  -0.41667E-01
node      53    -0.96000E+00   0.69689E-02  -0.41667E-01
node      54    -0.92000E+00   0.13653E-01  -0.41667E-01
node      55    -0.88000E+00   0.20053E-01  -0.41667E-01
node      56    -0.84000E+00   0.26169E-01  -0.41667E-01
node      57    -0.80000E+00   0.32000E-01  -0.41667E-01
node      58    -0.76000E+00   0.37547E-01  -0.41667E-01
node      59    -0.72000E+00   0.42809E-01  -0.41667E-01
node      60    -0.68000E+00   0.47787E-01  -0.41667E-01
node      61    -0.64000E+00   0.52480E-01  -0.41667E-01
node      62    -0.60000E+00   0.56889E-01  -0.41667E-01
node      63    -0.56000E+00   0.61013E-01  -0.41667E-01
node      64    -0.52000E+00   0.64853E-01  -0.41667E-01
node      65    -0.48000E+00   0.68409E-01  -0.41667E-01
node      66    -0.44000E+00   0.71680E-01  -0.41667E-01
node      67    -0.40000E+00   0.74667E-01  -0.41667E-01
node      68    -0.36000E+00   0.77369E-01  -0.41667E-01
node      69    -0.32000E+00   0.79787E-01  -0.41667E-01
node      70    -0.28000E+00   0.81920E-01  -0.41667E-01
node      71    -0.24000E+00   0.83769E-01  -0.41667E-01
node      72    -0.20000E+00   0.85333E-01  -0.41667E-01
node      73    -0.16000E+00   0.86613E-01  -0.41667E-01
node      74    -0.12000E+00   0.87609E-01  -0.41667E-01
node      75    -0.80000E-01   0.88320E-01  -0.41667E-01
node      76    -0.40000E-01   0.88747E-01  -0.41667E-01
node      77     0.00000E+00   0.88889E-01  -0.41667E-01
node      78     0.40000E-01   0.88747E-01  -0.41667E-01
node      79     0.80000E-01   0.88320E-01  -0.41667E-01
node      80     0.12000E+00   0.87609E-01  -0.41667E-01
node      81     0.16000E+00   0.86613E-01  -0.41667E-01
node      82     0.20000E+00   0.85333E-01  -0.41667E-01
node      83     0.24000E+00   0.83769E-01  -0.41667E-01
node      84     0.28000E+00   0.81920E-01  -0.41667E-01
node      85     0.32000E+00   0.79787E-01  -0.41667E-01
node      86     0.36000E+00   0.77369E-01  -0.41667E-01
node      87     0.40000E+00   0.74667E-01  -0.41667E-01
node      88     0.44000E+00   0.71680E-01  -0.41667E-01
node      89     0.48000E+00   0.68409E-01  -0.41667E-01
node      90     0.52000E+00   0.64853E-01  -0.41667E-01
node      91     0.56000E+00   0.61013E-01  -0.41667E-01
node      92     0.60000E+00   0.56889E-01  -0.41667E-01
node      93     0.64000E+00   0.52480E-01  -0.41667E-01
node      94     0.68000E+00   0.47787E-01  -0.41667E-01
node      95     0.72000E+00   0.42809E-01  -0.41667E-01
node      96     0.76000E+00   0.37547E-01  -0.41667E-01
node      97     0.80000E+00   0.32000E-01  -0.41667E-01
node      98     0.84000E+00   0.26169E-01  -0.41667E-01
node      99     0.88000E+00   0.20053E-01  -0.41667E-01
node     100     0.92000E+00   0.13653E-01  -0.41667E-01
node     101     0.96000E+00   0.69689E-02  -0.41667E-01
node     102     0.10000E+01   0.00000E+00  -0.41667E-01
node     103    -0.10000E+01   0.00000E+00  -0.62500E-01
node     104    -0.96000E+00   0.58800E-02  -0.62500E-01
node     105    -0.92000E+00   0.11520E-01  -0.62500E-01
node     106    -0.88000E+00   0.16920E-01  -0.62500E-01
node     107    -0.84000E+00   0.22080E-01  -0.62500E-01
node     108    -0.80000E+00   0.27000E-01  -0.62500E-01
node     109    -0.76000E+00   0.31680E-01  -0.62500E-01
node     110    -0.72000E+00   0.36120E-01  -0.62500E-01
node     111    -0.68000E+00   0.40320E-01  -0.62500E-01
node     112    -0.64000E+00   0.44280E-01  -0.62500E-01
node     113    -0.60000E+00   0.48000E-01  -0.62500E-01
node     114    -0.56000E+00   0.51480E-01  -0.62500E-01
node     115    -0.52000E+00   0.54720E-01  -0.62500E-01
node     116    -0.48000E+00   0.57720E-01  -0.62500E-01
node     117    -0.44000E+00   0.60480E-01  -0.62500E-01
node     118    -0.40000E+00   0.63000E-01  -0.62500E-01
node     119    -0.36000E+00   0.65280E-01  -0.62500E-01
node     120    -0.32000E+00   0.67320E-01  -0.62500E-01
node     121    -0.28000E+00   0.69120E-01  -0.62500E-01
node     122    -0.24000E+00   0.70680E-01  -0.62500E-01
node     123    -0.20000E+00   0.72000E-01  -0.62500E-01
node     124    -0.16000E+00   0.73080E-01  -0.62500E-01
node     125    -0.12000E+00   0.73920E-01  -0.62500E-01
node     126    -0.80000E-01   0.74520E-01  -0.62500E-01
node     127    -0.40000E-01   0.74880E-01  -0.62500E-01
node     128     0.00000E+00   0.75000E-01  -0.62500E-01
node     129     0.40000E-01   0.74880E-01  -0.62500E-01
node     130     0.80000E-01   0.74520E-01  -0.62500E-01
node     131     0.12000E+00   0.73920E-01  -0.62500E-01
node     132     0.16000E+00   0.73080E-01  -0.62500E-01
node     133     0.20000E+00   0.72000E-01  -0.62500E-01
node     134     0.24000E+00   0.70680E-01  -0.62500E-01
node     135     0.28000E+00   0.69120E-01  -0.62500E-01
node     136     0.32000E+00   0.67320E-01  -0.62500E-01
node     137     0.36000E+00   0.65280E-01  -0.62500E-01
node     138     0.40000E+00   0.63000E-01  -0.62500E-01
node     139     0.44000E+00   0.60480E-01  -0.62500E-01
node     140     0.48000E+00   0.57720E-01  -0.62500E-01
node     141     0.52000E+00   0.54720E-01  -0.62500E-01
node     142     0.56000E+00   0.51480E-01  -0.62500E-01
node     143     0.60000E+00   0.48000E-01  -0.62500E-01
node     144     0.64000E+00   0.44280E-01  -0.62500E-01
node     145     0.68000E+00   0.40320E-01  -0.62500E-01
node     146     0.72000E+00   0.36120E-01  -0.62500E-01
node     147     0.76000E+00   0.31680E-01  -0.62500E-01
node     148     0.80000E+00   0.27000E-01  -0.62500E-01
node     149     0.84000E+00   0.22080E-01  -0.62500E-01
node     150     0.88000E+00   0.16920E-01  -0.62500E-01
node     151     0.92000E+00   0.11520E-01  -0.62500E-01
node     152     0.96000E+00   0.58800E-02  -0.62500E-01
node     153     0.10000E+01   0.00000E+00  -0.62500E-01
node     154    -0.10000E+01   0.00000E+00  -0.83333E-01
node     155    -0.96000E+00   0.43556E-02  -0.83333E-01
node     156    -0.92000E+00   0.85333E-02  -0.83333E-01
node     157    -0.88000E+00   0.12533E-01  -0.83333E-01
node     158    -0.84000E+00   0.16356E-01  -0.83333E-01
node     159    -0.80000E+00   0.20000E-01  -0.83333E-01
node     160    -0.76000E+00   0.23467E-01  -0.83333E-01
node     161    -0.72000E+00   0.26756E-01  -0.83333E-01
node     162    -0.68000E+00   0.29867E-01  -0.83333E-01
node     163    -0.64000E+00   0.32800E-01  -0.83333E-01
node     164    -0.60000E+00   0.35556E-01  -0.83333E-01
node     165    -0.56000E+00   0.38133E-01  -0.83333E-01
node     166    -0.52000E+00   0.40533E-01  -0.83333E-01
node     167    -0.48000E+00   0.42756E-01  -0.83333E-01
node     168    -0.44000E+00   0.44800E-01  -0.83333E-01
node     169    -0.40000E+00   0.46667E-01  -0.83333E-01
node     170    -0.36000E+00   0.48356E-01  -0.83333E-01
node     171    -0.32000E+00   0.49867E-01  -0.83333E-01
node     172    -0.28000E+00   0.51200E-01  -0.83333E-01
node     173    -0.24000E+00   0.52356E-01  -0.83333E-01
node     174    -0.20000E+00   0.53333E-01  -0.83333E-01
node     175    -0.16000E+00   0.54133E-01  -0.83333E-01
node     176    -0.12000E+00   0.54756E-01  -0.83333E-01
node     177    -0.80000E-01   0.55200E-01  -0.83333E-01
node     178    -0.40000E-01   0.55467E-01  -0.83333E-01
node     179     0.00000E+00   0.55556E-01  -0.83333E-01
node     180     0.40000E-01   0.55467E-01  -0.83333E-01
node     181     0.80000E-01   0.55200E-01  -0.83333E-01
node     182     0.12000E+00   0.54756E-01  -0.83333E-01
node     183     0.16000E+00   0.54133E-01  -0.83333E-01
node     184     0.20000E+00   0.53333E-01  -0.83333E-01
node     185     0.24000E+00   0.52356E-01  -0.83333E-01
node     186     0.28000E+00   0.51200E-01  -0.83333E-01
node     187     0.32000E+00   0.49867E-01  -0.83333E-01
node     188     0.36000E+00   0.48356E-01  -0.83333E-01
node     189     0.40000E+00   0.46667E-01  -0.83333E-01
node     190     0.44000E+00   0.44800E-01  -0.83333E-01
node     191     0.48000E+00   0.42756E-01  -0.83333E-01
node     192     0.52000E+00   0.40533E-01  -0.83333E-01
node     193     0.56000E+00   0.38133E-01  -0.83333E-01
node     194     0.60000E+00   0.35556E-01  -0.83333E-01
node     195     0.64000E+00   0.32800E-01  -0.83333E-01
node     196     0.68000E+00   0.29867E-01  -0.83333E-01
node     197     0.72000E+00   0.26756E-01  -0.83333E-01
node     198     0.76000E+00   0.23467E-01  -0.83333E-01
node     199     0.80000E+00   0.20000E-01  -0.83333E-01
node     200     0.84000E+00   0.16356E-01  -0.83333E-01
node     201     0.88000E+00   0.12533E-01  -0.83333E-01
node     202     0.92000E+00   0.85333E-02  -0.83333E-01
node     203     0.96000E+00   0.43556E-02  -0.83333E-01
node     204     0.10000E+01   0.00000E+00  -0.83333E-01
node     205    -0.10000E+01   0.00000E+00  -0.10417E+00
node     206    -0.96000E+00   0.23956E-02  -0.10417E+00
node     207    -0.92000E+00   0.46933E-02  -0.10417E+00
node     208    -0.88000E+00   0.68933E-02  -0.10417E+00
node     209    -0.84000E+00   0.89956E-02  -0.10417E+00
node     210    -0.80000E+00   0.11000E-01  -0.10417E+00
node     211    -0.76000E+00   0.12907E-01  -0.10417E+00
node     212    -0.72000E+00   0.14716E-01  -0.10417E+00
node     213    -0.68000E+00   0.16427E-01  -0.10417E+00
node     214    -0.64000E+00   0.18040E-01  -0.10417E+00
node     215    -0.60000E+00   0.19556E-01  -0.10417E+00
node     216    -0.56000E+00   0.20973E-01  -0.10417E+00
node     217    -0.52000E+00   0.22293E-01  -0.10417E+00
node     218    -0.48000E+00   0.23516E-01  -0.10417E+00
node     219    -0.44000E+00   0.24640E-01  -0.10417E+00
node     220    -0.40000E+00   0.25667E-01  -0.10417E+00
node     221    -0.36000E+00   0.26596E-01  -0.10417E+00
node     222    -0.32000E+00   0.27427E-01  -0.10417E+00
node     223    -0.28000E+00   0.28160E-01  -0.10417E+00
node     224    -0.24000E+00   0.28796E-01  -0.10417E+00
node     225    -0.20000E+00   0.29333E-01  -0.10417E+00
node     226    -0.16000E+00   0.29773E-01  -0.10417E+00
node     227    -0.12000E+00   0.30116E-01  -0.10417E+00
node     228    -0.80000E-01   0.30360E-01  -0.10417E+00
node     229    -0.40000E-01   0.30507E-01  -0.10417E+00
node     230     0.00000E+00   0.30556E-01  -0.10417E+00
node     231     0.40000E-01   0.30507E-01  -0.10417E+00
node     232     0.80000E-01   0.30360E-01  -0.10417E+00
node     233     0.12000E+00   0.30116E-01  -0.10417E+00
node     234     0.16000E+00   0.29773E-01  -0.10417E+00
node     235     0.20000E+00   0.29333E-01  -0.10417E+00
node     236     0.24000E+00   0.28796E-01  -0.10417E+00
node     237     0.28000E+00   0.28160E-01  -0.10417E+00
node     238     0.32000E+00   0.27427E-01  -0.10417E+00
node     239     0.36000E+00   0.26596E-01  -0.10417E+00
node     240     0.40000E+00   0.25667E-01  -0.10417E+00
node     241     0.44000E+00   0.24640E-01  -0.10417E+00
node     242     0.48000E+00   0.23516E-01  -0.10417E+00
node     243     0.52000E+00   0.22293E-01  -0.10417E+00
node     244     0.56000E+00   0.20973E-01  -0.10417E+00
node     245     0.60000E+00   0.19556E-01  -0.10417E+00
node     246     0.64000E+00   0.18040E-01  -0.10417E+00
node     247     0.68000E+00   0.16427E-01  -0.10417E+00
node     248     0.72000E+00   0.14716E-01  -0.10417E+00
node     249     0.76000E+00   0.12907E-01  -0.10417E+00
node     250     0.80000E+00   0.11000E-01  -0.10417E+00
node     251     0.84000E+00   0.89956E-02  -0.10417E+00
node     252     0.88000E+00   0.68933E-02  -0.10417E+00
node     253     0.92000E+00   0.46933E-02  -0.10417E+00
node     254     0.96000E+00   0.23956E-02  -0.10417E+00
node     255     0.10000E+01   0.00000E+00  -0.10417E+00
node     256    -0.10000E+01   0.00000E+00  -0.12500E+00
node     257    -0.96000E+00   0.00000E+00  -0.12500E+00
node     258    -0.92000E+00   0.00000E+00  -0.12500E+00
node     259    -0.88000E+00   0.00000E+00  -0.12500E+00
node     260    -0.84000E+00   0.00000E+00  -0.12500E+00
node     261    -0.80000E+00   0.00000E+00  -0.12500E+00
node     262    -0.76000E+00   0.00000E+00  -0.12500E+00
node     263    -0.72000E+00   0.00000E+00  -0.12500E+00
node     264    -0.68000E+00   0.00000E+00  -0.12500E+00
node     265    -0.64000E+00   0.00000E+00  -0.12500E+00
node     266    -0.60000E+00   0.00000E+00  -0.12500E+00
node     267    -0.56000E+00   0.00000E+00  -0.12500E+00
node     268    -0.52000E+00   0.00000E+00  -0.12500E+00
node     269    -0.48000E+00   0.00000E+00  -0.12500E+00
node     270    -0.44000E+00   0.00000E+00  -0.12500E+00
node     271    -0.40000E+00   0.00000E+00  -0.12500E+00
node     272    -0.36000E+00   0.00000E+00  -0.12500E+00
node     273    -0.32000E+00   0.00000E+00  -0.12500E+00
node     274    -0.28000E+00   0.00000E+00  -0.12500E+00
node     275    -0.24000E+00   0.00000E+00  -0.12500E+00
node     276    -0.20000E+00   0.00000E+00  -0.12500E+00
node     277    -0.16000E+00   0.00000E+00  -0.12500E+00
node     278    -0.12000E+00   0.00000E+00  -0.12500E+00
node     279    -0.80000E-01   0.00000E+00  -0.12500E+00
node     280    -0.40000E-01   0.00000E+00  -0.12500E+00
node     281     0.00000E+00   0.00000E+00  -0.12500E+00
node     282     0.40000E-01   0.00000E+00  -0.12500E+00
node     283     0.80000E-01   0.00000E+00  -0.12500E+00
node     284     0.12000E+00   0.00000E+00  -0.12500E+00
node     285     0.16000E+00   0.00000E+00  -0.12500E+00
node     286     0.20000E+00   0.00000E+00  -0.12500E+00
node     287     0.24000E+00   0.00000E+00  -0.12500E+00
node     288     0.28000E+00   0.00000E+00  -0.12500E+00
node     289     0.32000E+00   0.00000E+00  -0.12500E+00
node     290     0.36000E+00   0.00000E+00  -0.12500E+00
node     291     0.40000E+00   0.00000E+00  -0.12500E+00
node     292     0.44000E+00   0.00000E+00  -0.12500E+00
node     293     0.48000E+00   0.00000E+00  -0.12500E+00
node     294     0.52000E+00   0.00000E+00  -0.12500E+00
node     295     0.56000E+00   0.00000E+00  -0.12500E+00
node     296     0.60000E+00   0.00000E+00  -0.12500E+00
node     297     0.64000E+00   0.00000E+00  -0.12500E+00
node     298     0.68000E+00   0.00000E+00  -0.12500E+00
node     299     0.72000E+00   0.00000E+00  -0.12500E+00
node     300     0.76000E+00   0.00000E+00  -0.12500E+00
node     301     0.80000E+00   0.00000E+00  -0.12500E+00
node     302     0.84000E+00   0.00000E+00  -0.12500E+00
node     303     0.88000E+00   0.00000E+00  -0.12500E+00
node     304     0.92000E+00   0.00000E+00  -0.12500E+00
node     305     0.96000E+00   0.00000E+00  -0.12500E+00
node     306     0.10000E+01   0.00000E+00  -0.12500E+00
