 -1.500000    0.000000    0.000000
 -1.500000    0.040000    0.000000
 -1.500000    0.080000    0.000000
 -1.500000    0.120000    0.000000
 -1.500000    0.160000    0.000000
 -1.500000    0.200000    0.000000
 -1.500000    0.240000    0.000000
 -1.500000    0.280000    0.000000
 -1.500000    0.320000    0.000000
 -1.500000    0.360000    0.000000
 -1.500000    0.400000    0.000000
 -1.500000    0.440000    0.000000
 -1.500000    0.480000    0.000000
 -1.500000    0.520000    0.000000
 -1.500000    0.560000    0.000000
 -1.500000    0.600000    0.000000
 -1.500000    0.640000    0.000000
 -1.500000    0.680000    0.000000
 -1.500000    0.720000    0.000000
 -1.500000    0.760000    0.000000
 -1.500000    0.800000    0.000000
 -1.480000    0.000000    0.000000
 -1.480000    0.040000    0.000000
 -1.480000    0.080000    0.000000
 -1.480000    0.120000    0.000000
 -1.480000    0.160000    0.000000
 -1.480000    0.200000    0.000000
 -1.480000    0.240000    0.000000
 -1.480000    0.280000    0.000000
 -1.480000    0.320000    0.000000
 -1.480000    0.360000    0.000000
 -1.480000    0.400000    0.000000
 -1.480000    0.440000    0.000000
 -1.480000    0.480000    0.000000
 -1.480000    0.520000    0.000000
 -1.480000    0.560000    0.000000
 -1.480000    0.600000    0.000000
 -1.480000    0.640000    0.000000
 -1.480000    0.680000    0.000000
 -1.480000    0.720000    0.000000
 -1.480000    0.760000    0.000000
 -1.480000    0.800000    0.000000
 -1.460000    0.000000    0.000000
 -1.460000    0.040000    0.000000
 -1.460000    0.080000    0.000000
 -1.460000    0.120000    0.000000
 -1.460000    0.160000    0.000000
 -1.460000    0.200000    0.000000
 -1.460000    0.240000    0.000000
 -1.460000    0.280000    0.000000
 -1.460000    0.320000    0.000000
 -1.460000    0.360000    0.000000
 -1.460000    0.400000    0.000000
 -1.460000    0.440000    0.000000
 -1.460000    0.480000    0.000000
 -1.460000    0.520000    0.000000
 -1.460000    0.560000    0.000000
 -1.460000    0.600000    0.000000
 -1.460000    0.640000    0.000000
 -1.460000    0.680000    0.000000
 -1.460000    0.720000    0.000000
 -1.460000    0.760000    0.000000
 -1.460000    0.800000    0.000000
 -1.440000    0.000000    0.000000
 -1.440000    0.040000    0.000000
 -1.440000    0.080000    0.000000
 -1.440000    0.120000    0.000000
 -1.440000    0.160000    0.000000
 -1.440000    0.200000    0.000000
 -1.440000    0.240000    0.000000
 -1.440000    0.280000    0.000000
 -1.440000    0.320000    0.000000
 -1.440000    0.360000    0.000000
 -1.440000    0.400000    0.000000
 -1.440000    0.440000    0.000000
 -1.440000    0.480000    0.000000
 -1.440000    0.520000    0.000000
 -1.440000    0.560000    0.000000
 -1.440000    0.600000    0.000000
 -1.440000    0.640000    0.000000
 -1.440000    0.680000    0.000000
 -1.440000    0.720000    0.000000
 -1.440000    0.760000    0.000000
 -1.440000    0.800000    0.000000
 -1.420000    0.000000    0.000000
 -1.420000    0.040000    0.000000
 -1.420000    0.080000    0.000000
 -1.420000    0.120000    0.000000
 -1.420000    0.160000    0.000000
 -1.420000    0.200000    0.000000
 -1.420000    0.240000    0.000000
 -1.420000    0.280000    0.000000
 -1.420000    0.320000    0.000000
 -1.420000    0.360000    0.000000
 -1.420000    0.400000    0.000000
 -1.420000    0.440000    0.000000
 -1.420000    0.480000    0.000000
 -1.420000    0.520000    0.000000
 -1.420000    0.560000    0.000000
 -1.420000    0.600000    0.000000
 -1.420000    0.640000    0.000000
 -1.420000    0.680000    0.000000
 -1.420000    0.720000    0.000000
 -1.420000    0.760000    0.000000
 -1.420000    0.800000    0.000000
 -1.400000    0.000000    0.000000
 -1.400000    0.040000    0.000000
 -1.400000    0.080000    0.000000
 -1.400000    0.120000    0.000000
 -1.400000    0.160000    0.000000
 -1.400000    0.200000    0.000000
 -1.400000    0.240000    0.000000
 -1.400000    0.280000    0.000000
 -1.400000    0.320000    0.000000
 -1.400000    0.360000    0.000000
 -1.400000    0.400000    0.000000
 -1.400000    0.440000    0.000000
 -1.400000    0.480000    0.000000
 -1.400000    0.520000    0.000000
 -1.400000    0.560000    0.000000
 -1.400000    0.600000    0.000000
 -1.400000    0.640000    0.000000
 -1.400000    0.680000    0.000000
 -1.400000    0.720000    0.000000
 -1.400000    0.760000    0.000000
 -1.400000    0.800000    0.000000
 -1.380000    0.000000    0.000000
 -1.380000    0.040000    0.000000
 -1.380000    0.080000    0.000000
 -1.380000    0.120000    0.000000
 -1.380000    0.160000    0.000000
 -1.380000    0.200000    0.000000
 -1.380000    0.240000    0.000000
 -1.380000    0.280000    0.000000
 -1.380000    0.320000    0.000000
 -1.380000    0.360000    0.000000
 -1.380000    0.400000    0.000000
 -1.380000    0.440000    0.000000
 -1.380000    0.480000    0.000000
 -1.380000    0.520000    0.000000
 -1.380000    0.560000    0.000000
 -1.380000    0.600000    0.000000
 -1.380000    0.640000    0.000000
 -1.380000    0.680000    0.000000
 -1.380000    0.720000    0.000000
 -1.380000    0.760000    0.000000
 -1.380000    0.800000    0.000000
 -1.360000    0.000000    0.000000
 -1.360000    0.040000    0.000000
 -1.360000    0.080000    0.000000
 -1.360000    0.120000    0.000000
 -1.360000    0.160000    0.000000
 -1.360000    0.200000    0.000000
 -1.360000    0.240000    0.000000
 -1.360000    0.280000    0.000000
 -1.360000    0.320000    0.000000
 -1.360000    0.360000    0.000000
 -1.360000    0.400000    0.000000
 -1.360000    0.440000    0.000000
 -1.360000    0.480000    0.000000
 -1.360000    0.520000    0.000000
 -1.360000    0.560000    0.000000
 -1.360000    0.600000    0.000000
 -1.360000    0.640000    0.000000
 -1.360000    0.680000    0.000000
 -1.360000    0.720000    0.000000
 -1.360000    0.760000    0.000000
 -1.360000    0.800000    0.000000
 -1.340000    0.000000    0.000000
 -1.340000    0.040000    0.000000
 -1.340000    0.080000    0.000000
 -1.340000    0.120000    0.000000
 -1.340000    0.160000    0.000000
 -1.340000    0.200000    0.000000
 -1.340000    0.240000    0.000000
 -1.340000    0.280000    0.000000
 -1.340000    0.320000    0.000000
 -1.340000    0.360000    0.000000
 -1.340000    0.400000    0.000000
 -1.340000    0.440000    0.000000
 -1.340000    0.480000    0.000000
 -1.340000    0.520000    0.000000
 -1.340000    0.560000    0.000000
 -1.340000    0.600000    0.000000
 -1.340000    0.640000    0.000000
 -1.340000    0.680000    0.000000
 -1.340000    0.720000    0.000000
 -1.340000    0.760000    0.000000
 -1.340000    0.800000    0.000000
 -1.320000    0.000000    0.000000
 -1.320000    0.040000    0.000000
 -1.320000    0.080000    0.000000
 -1.320000    0.120000    0.000000
 -1.320000    0.160000    0.000000
 -1.320000    0.200000    0.000000
 -1.320000    0.240000    0.000000
 -1.320000    0.280000    0.000000
 -1.320000    0.320000    0.000000
 -1.320000    0.360000    0.000000
 -1.320000    0.400000    0.000000
 -1.320000    0.440000    0.000000
 -1.320000    0.480000    0.000000
 -1.320000    0.520000    0.000000
 -1.320000    0.560000    0.000000
 -1.320000    0.600000    0.000000
 -1.320000    0.640000    0.000000
 -1.320000    0.680000    0.000000
 -1.320000    0.720000    0.000000
 -1.320000    0.760000    0.000000
 -1.320000    0.800000    0.000000
 -1.300000    0.000000    0.000000
 -1.300000    0.040000    0.000000
 -1.300000    0.080000    0.000000
 -1.300000    0.120000    0.000000
 -1.300000    0.160000    0.000000
 -1.300000    0.200000    0.000000
 -1.300000    0.240000    0.000000
 -1.300000    0.280000    0.000000
 -1.300000    0.320000    0.000000
 -1.300000    0.360000    0.000000
 -1.300000    0.400000    0.000000
 -1.300000    0.440000    0.000000
 -1.300000    0.480000    0.000000
 -1.300000    0.520000    0.000000
 -1.300000    0.560000    0.000000
 -1.300000    0.600000    0.000000
 -1.300000    0.640000    0.000000
 -1.300000    0.680000    0.000000
 -1.300000    0.720000    0.000000
 -1.300000    0.760000    0.000000
 -1.300000    0.800000    0.000000
 -1.280000    0.000000    0.000000
 -1.280000    0.040000    0.000000
 -1.280000    0.080000    0.000000
 -1.280000    0.120000    0.000000
 -1.280000    0.160000    0.000000
 -1.280000    0.200000    0.000000
 -1.280000    0.240000    0.000000
 -1.280000    0.280000    0.000000
 -1.280000    0.320000    0.000000
 -1.280000    0.360000    0.000000
 -1.280000    0.400000    0.000000
 -1.280000    0.440000    0.000000
 -1.280000    0.480000    0.000000
 -1.280000    0.520000    0.000000
 -1.280000    0.560000    0.000000
 -1.280000    0.600000    0.000000
 -1.280000    0.640000    0.000000
 -1.280000    0.680000    0.000000
 -1.280000    0.720000    0.000000
 -1.280000    0.760000    0.000000
 -1.280000    0.800000    0.000000
 -1.260000    0.000000    0.000000
 -1.260000    0.040000    0.000000
 -1.260000    0.080000    0.000000
 -1.260000    0.120000    0.000000
 -1.260000    0.160000    0.000000
 -1.260000    0.200000    0.000000
 -1.260000    0.240000    0.000000
 -1.260000    0.280000    0.000000
 -1.260000    0.320000    0.000000
 -1.260000    0.360000    0.000000
 -1.260000    0.400000    0.000000
 -1.260000    0.440000    0.000000
 -1.260000    0.480000    0.000000
 -1.260000    0.520000    0.000000
 -1.260000    0.560000    0.000000
 -1.260000    0.600000    0.000000
 -1.260000    0.640000    0.000000
 -1.260000    0.680000    0.000000
 -1.260000    0.720000    0.000000
 -1.260000    0.760000    0.000000
 -1.260000    0.800000    0.000000
 -1.240000    0.000000    0.000000
 -1.240000    0.040000    0.000000
 -1.240000    0.080000    0.000000
 -1.240000    0.120000    0.000000
 -1.240000    0.160000    0.000000
 -1.240000    0.200000    0.000000
 -1.240000    0.240000    0.000000
 -1.240000    0.280000    0.000000
 -1.240000    0.320000    0.000000
 -1.240000    0.360000    0.000000
 -1.240000    0.400000    0.000000
 -1.240000    0.440000    0.000000
 -1.240000    0.480000    0.000000
 -1.240000    0.520000    0.000000
 -1.240000    0.560000    0.000000
 -1.240000    0.600000    0.000000
 -1.240000    0.640000    0.000000
 -1.240000    0.680000    0.000000
 -1.240000    0.720000    0.000000
 -1.240000    0.760000    0.000000
 -1.240000    0.800000    0.000000
 -1.220000    0.000000    0.000000
 -1.220000    0.040000    0.000000
 -1.220000    0.080000    0.000000
 -1.220000    0.120000    0.000000
 -1.220000    0.160000    0.000000
 -1.220000    0.200000    0.000000
 -1.220000    0.240000    0.000000
 -1.220000    0.280000    0.000000
 -1.220000    0.320000    0.000000
 -1.220000    0.360000    0.000000
 -1.220000    0.400000    0.000000
 -1.220000    0.440000    0.000000
 -1.220000    0.480000    0.000000
 -1.220000    0.520000    0.000000
 -1.220000    0.560000    0.000000
 -1.220000    0.600000    0.000000
 -1.220000    0.640000    0.000000
 -1.220000    0.680000    0.000000
 -1.220000    0.720000    0.000000
 -1.220000    0.760000    0.000000
 -1.220000    0.800000    0.000000
 -1.200000    0.000000    0.000000
 -1.200000    0.040000    0.000000
 -1.200000    0.080000    0.000000
 -1.200000    0.120000    0.000000
 -1.200000    0.160000    0.000000
 -1.200000    0.200000    0.000000
 -1.200000    0.240000    0.000000
 -1.200000    0.280000    0.000000
 -1.200000    0.320000    0.000000
 -1.200000    0.360000    0.000000
 -1.200000    0.400000    0.000000
 -1.200000    0.440000    0.000000
 -1.200000    0.480000    0.000000
 -1.200000    0.520000    0.000000
 -1.200000    0.560000    0.000000
 -1.200000    0.600000    0.000000
 -1.200000    0.640000    0.000000
 -1.200000    0.680000    0.000000
 -1.200000    0.720000    0.000000
 -1.200000    0.760000    0.000000
 -1.200000    0.800000    0.000000
 -1.180000    0.000000    0.000000
 -1.180000    0.040000    0.000000
 -1.180000    0.080000    0.000000
 -1.180000    0.120000    0.000000
 -1.180000    0.160000    0.000000
 -1.180000    0.200000    0.000000
 -1.180000    0.240000    0.000000
 -1.180000    0.280000    0.000000
 -1.180000    0.320000    0.000000
 -1.180000    0.360000    0.000000
 -1.180000    0.400000    0.000000
 -1.180000    0.440000    0.000000
 -1.180000    0.480000    0.000000
 -1.180000    0.520000    0.000000
 -1.180000    0.560000    0.000000
 -1.180000    0.600000    0.000000
 -1.180000    0.640000    0.000000
 -1.180000    0.680000    0.000000
 -1.180000    0.720000    0.000000
 -1.180000    0.760000    0.000000
 -1.180000    0.800000    0.000000
 -1.160000    0.000000    0.000000
 -1.160000    0.040000    0.000000
 -1.160000    0.080000    0.000000
 -1.160000    0.120000    0.000000
 -1.160000    0.160000    0.000000
 -1.160000    0.200000    0.000000
 -1.160000    0.240000    0.000000
 -1.160000    0.280000    0.000000
 -1.160000    0.320000    0.000000
 -1.160000    0.360000    0.000000
 -1.160000    0.400000    0.000000
 -1.160000    0.440000    0.000000
 -1.160000    0.480000    0.000000
 -1.160000    0.520000    0.000000
 -1.160000    0.560000    0.000000
 -1.160000    0.600000    0.000000
 -1.160000    0.640000    0.000000
 -1.160000    0.680000    0.000000
 -1.160000    0.720000    0.000000
 -1.160000    0.760000    0.000000
 -1.160000    0.800000    0.000000
 -1.140000    0.000000    0.000000
 -1.140000    0.040000    0.000000
 -1.140000    0.080000    0.000000
 -1.140000    0.120000    0.000000
 -1.140000    0.160000    0.000000
 -1.140000    0.200000    0.000000
 -1.140000    0.240000    0.000000
 -1.140000    0.280000    0.000000
 -1.140000    0.320000    0.000000
 -1.140000    0.360000    0.000000
 -1.140000    0.400000    0.000000
 -1.140000    0.440000    0.000000
 -1.140000    0.480000    0.000000
 -1.140000    0.520000    0.000000
 -1.140000    0.560000    0.000000
 -1.140000    0.600000    0.000000
 -1.140000    0.640000    0.000000
 -1.140000    0.680000    0.000000
 -1.140000    0.720000    0.000000
 -1.140000    0.760000    0.000000
 -1.140000    0.800000    0.000000
 -1.120000    0.000000    0.000000
 -1.120000    0.040000    0.000000
 -1.120000    0.080000    0.000000
 -1.120000    0.120000    0.000000
 -1.120000    0.160000    0.000000
 -1.120000    0.200000    0.000000
 -1.120000    0.240000    0.000000
 -1.120000    0.280000    0.000000
 -1.120000    0.320000    0.000000
 -1.120000    0.360000    0.000000
 -1.120000    0.400000    0.000000
 -1.120000    0.440000    0.000000
 -1.120000    0.480000    0.000000
 -1.120000    0.520000    0.000000
 -1.120000    0.560000    0.000000
 -1.120000    0.600000    0.000000
 -1.120000    0.640000    0.000000
 -1.120000    0.680000    0.000000
 -1.120000    0.720000    0.000000
 -1.120000    0.760000    0.000000
 -1.120000    0.800000    0.000000
 -1.100000    0.000000    0.000000
 -1.100000    0.040000    0.000000
 -1.100000    0.080000    0.000000
 -1.100000    0.120000    0.000000
 -1.100000    0.160000    0.000000
 -1.100000    0.200000    0.000000
 -1.100000    0.240000    0.000000
 -1.100000    0.280000    0.000000
 -1.100000    0.320000    0.000000
 -1.100000    0.360000    0.000000
 -1.100000    0.400000    0.000000
 -1.100000    0.440000    0.000000
 -1.100000    0.480000    0.000000
 -1.100000    0.520000    0.000000
 -1.100000    0.560000    0.000000
 -1.100000    0.600000    0.000000
 -1.100000    0.640000    0.000000
 -1.100000    0.680000    0.000000
 -1.100000    0.720000    0.000000
 -1.100000    0.760000    0.000000
 -1.100000    0.800000    0.000000
 -1.080000    0.000000    0.000000
 -1.080000    0.040000    0.000000
 -1.080000    0.080000    0.000000
 -1.080000    0.120000    0.000000
 -1.080000    0.160000    0.000000
 -1.080000    0.200000    0.000000
 -1.080000    0.240000    0.000000
 -1.080000    0.280000    0.000000
 -1.080000    0.320000    0.000000
 -1.080000    0.360000    0.000000
 -1.080000    0.400000    0.000000
 -1.080000    0.440000    0.000000
 -1.080000    0.480000    0.000000
 -1.080000    0.520000    0.000000
 -1.080000    0.560000    0.000000
 -1.080000    0.600000    0.000000
 -1.080000    0.640000    0.000000
 -1.080000    0.680000    0.000000
 -1.080000    0.720000    0.000000
 -1.080000    0.760000    0.000000
 -1.080000    0.800000    0.000000
 -1.060000    0.000000    0.000000
 -1.060000    0.040000    0.000000
 -1.060000    0.080000    0.000000
 -1.060000    0.120000    0.000000
 -1.060000    0.160000    0.000000
 -1.060000    0.200000    0.000000
 -1.060000    0.240000    0.000000
 -1.060000    0.280000    0.000000
 -1.060000    0.320000    0.000000
 -1.060000    0.360000    0.000000
 -1.060000    0.400000    0.000000
 -1.060000    0.440000    0.000000
 -1.060000    0.480000    0.000000
 -1.060000    0.520000    0.000000
 -1.060000    0.560000    0.000000
 -1.060000    0.600000    0.000000
 -1.060000    0.640000    0.000000
 -1.060000    0.680000    0.000000
 -1.060000    0.720000    0.000000
 -1.060000    0.760000    0.000000
 -1.060000    0.800000    0.000000
 -1.040000    0.000000    0.000000
 -1.040000    0.040000    0.000000
 -1.040000    0.080000    0.000000
 -1.040000    0.120000    0.000000
 -1.040000    0.160000    0.000000
 -1.040000    0.200000    0.000000
 -1.040000    0.240000    0.000000
 -1.040000    0.280000    0.000000
 -1.040000    0.320000    0.000000
 -1.040000    0.360000    0.000000
 -1.040000    0.400000    0.000000
 -1.040000    0.440000    0.000000
 -1.040000    0.480000    0.000000
 -1.040000    0.520000    0.000000
 -1.040000    0.560000    0.000000
 -1.040000    0.600000    0.000000
 -1.040000    0.640000    0.000000
 -1.040000    0.680000    0.000000
 -1.040000    0.720000    0.000000
 -1.040000    0.760000    0.000000
 -1.040000    0.800000    0.000000
 -1.020000    0.000000    0.000000
 -1.020000    0.040000    0.000000
 -1.020000    0.080000    0.000000
 -1.020000    0.120000    0.000000
 -1.020000    0.160000    0.000000
 -1.020000    0.200000    0.000000
 -1.020000    0.240000    0.000000
 -1.020000    0.280000    0.000000
 -1.020000    0.320000    0.000000
 -1.020000    0.360000    0.000000
 -1.020000    0.400000    0.000000
 -1.020000    0.440000    0.000000
 -1.020000    0.480000    0.000000
 -1.020000    0.520000    0.000000
 -1.020000    0.560000    0.000000
 -1.020000    0.600000    0.000000
 -1.020000    0.640000    0.000000
 -1.020000    0.680000    0.000000
 -1.020000    0.720000    0.000000
 -1.020000    0.760000    0.000000
 -1.020000    0.800000    0.000000
 -1.000000    0.000000    0.000000
 -1.000000    0.040000    0.000000
 -1.000000    0.080000    0.000000
 -1.000000    0.120000    0.000000
 -1.000000    0.160000    0.000000
 -1.000000    0.200000    0.000000
 -1.000000    0.240000    0.000000
 -1.000000    0.280000    0.000000
 -1.000000    0.320000    0.000000
 -1.000000    0.360000    0.000000
 -1.000000    0.400000    0.000000
 -1.000000    0.440000    0.000000
 -1.000000    0.480000    0.000000
 -1.000000    0.520000    0.000000
 -1.000000    0.560000    0.000000
 -1.000000    0.600000    0.000000
 -1.000000    0.640000    0.000000
 -1.000000    0.680000    0.000000
 -1.000000    0.720000    0.000000
 -1.000000    0.760000    0.000000
 -1.000000    0.800000    0.000000
 -0.980000    0.003960    0.000000
 -0.980000    0.043960    0.000000
 -0.980000    0.083960    0.000000
 -0.980000    0.123960    0.000000
 -0.980000    0.163960    0.000000
 -0.980000    0.203960    0.000000
 -0.980000    0.243960    0.000000
 -0.980000    0.283960    0.000000
 -0.980000    0.323960    0.000000
 -0.980000    0.363960    0.000000
 -0.980000    0.403960    0.000000
 -0.980000    0.443960    0.000000
 -0.980000    0.483960    0.000000
 -0.980000    0.523960    0.000000
 -0.980000    0.563960    0.000000
 -0.980000    0.603960    0.000000
 -0.980000    0.643960    0.000000
 -0.980000    0.683960    0.000000
 -0.980000    0.723960    0.000000
 -0.980000    0.763960    0.000000
 -0.980000    0.803960    0.000000
 -0.960000    0.007840    0.000000
 -0.960000    0.047840    0.000000
 -0.960000    0.087840    0.000000
 -0.960000    0.127840    0.000000
 -0.960000    0.167840    0.000000
 -0.960000    0.207840    0.000000
 -0.960000    0.247840    0.000000
 -0.960000    0.287840    0.000000
 -0.960000    0.327840    0.000000
 -0.960000    0.367840    0.000000
 -0.960000    0.407840    0.000000
 -0.960000    0.447840    0.000000
 -0.960000    0.487840    0.000000
 -0.960000    0.527840    0.000000
 -0.960000    0.567840    0.000000
 -0.960000    0.607840    0.000000
 -0.960000    0.647840    0.000000
 -0.960000    0.687840    0.000000
 -0.960000    0.727840    0.000000
 -0.960000    0.767840    0.000000
 -0.960000    0.807840    0.000000
 -0.940000    0.011640    0.000000
 -0.940000    0.051640    0.000000
 -0.940000    0.091640    0.000000
 -0.940000    0.131640    0.000000
 -0.940000    0.171640    0.000000
 -0.940000    0.211640    0.000000
 -0.940000    0.251640    0.000000
 -0.940000    0.291640    0.000000
 -0.940000    0.331640    0.000000
 -0.940000    0.371640    0.000000
 -0.940000    0.411640    0.000000
 -0.940000    0.451640    0.000000
 -0.940000    0.491640    0.000000
 -0.940000    0.531640    0.000000
 -0.940000    0.571640    0.000000
 -0.940000    0.611640    0.000000
 -0.940000    0.651640    0.000000
 -0.940000    0.691640    0.000000
 -0.940000    0.731640    0.000000
 -0.940000    0.771640    0.000000
 -0.940000    0.811640    0.000000
 -0.920000    0.015360    0.000000
 -0.920000    0.055360    0.000000
 -0.920000    0.095360    0.000000
 -0.920000    0.135360    0.000000
 -0.920000    0.175360    0.000000
 -0.920000    0.215360    0.000000
 -0.920000    0.255360    0.000000
 -0.920000    0.295360    0.000000
 -0.920000    0.335360    0.000000
 -0.920000    0.375360    0.000000
 -0.920000    0.415360    0.000000
 -0.920000    0.455360    0.000000
 -0.920000    0.495360    0.000000
 -0.920000    0.535360    0.000000
 -0.920000    0.575360    0.000000
 -0.920000    0.615360    0.000000
 -0.920000    0.655360    0.000000
 -0.920000    0.695360    0.000000
 -0.920000    0.735360    0.000000
 -0.920000    0.775360    0.000000
 -0.920000    0.815360    0.000000
 -0.900000    0.019000    0.000000
 -0.900000    0.059000    0.000000
 -0.900000    0.099000    0.000000
 -0.900000    0.139000    0.000000
 -0.900000    0.179000    0.000000
 -0.900000    0.219000    0.000000
 -0.900000    0.259000    0.000000
 -0.900000    0.299000    0.000000
 -0.900000    0.339000    0.000000
 -0.900000    0.379000    0.000000
 -0.900000    0.419000    0.000000
 -0.900000    0.459000    0.000000
 -0.900000    0.499000    0.000000
 -0.900000    0.539000    0.000000
 -0.900000    0.579000    0.000000
 -0.900000    0.619000    0.000000
 -0.900000    0.659000    0.000000
 -0.900000    0.699000    0.000000
 -0.900000    0.739000    0.000000
 -0.900000    0.779000    0.000000
 -0.900000    0.819000    0.000000
 -0.880000    0.022560    0.000000
 -0.880000    0.062560    0.000000
 -0.880000    0.102560    0.000000
 -0.880000    0.142560    0.000000
 -0.880000    0.182560    0.000000
 -0.880000    0.222560    0.000000
 -0.880000    0.262560    0.000000
 -0.880000    0.302560    0.000000
 -0.880000    0.342560    0.000000
 -0.880000    0.382560    0.000000
 -0.880000    0.422560    0.000000
 -0.880000    0.462560    0.000000
 -0.880000    0.502560    0.000000
 -0.880000    0.542560    0.000000
 -0.880000    0.582560    0.000000
 -0.880000    0.622560    0.000000
 -0.880000    0.662560    0.000000
 -0.880000    0.702560    0.000000
 -0.880000    0.742560    0.000000
 -0.880000    0.782560    0.000000
 -0.880000    0.822560    0.000000
 -0.860000    0.026040    0.000000
 -0.860000    0.066040    0.000000
 -0.860000    0.106040    0.000000
 -0.860000    0.146040    0.000000
 -0.860000    0.186040    0.000000
 -0.860000    0.226040    0.000000
 -0.860000    0.266040    0.000000
 -0.860000    0.306040    0.000000
 -0.860000    0.346040    0.000000
 -0.860000    0.386040    0.000000
 -0.860000    0.426040    0.000000
 -0.860000    0.466040    0.000000
 -0.860000    0.506040    0.000000
 -0.860000    0.546040    0.000000
 -0.860000    0.586040    0.000000
 -0.860000    0.626040    0.000000
 -0.860000    0.666040    0.000000
 -0.860000    0.706040    0.000000
 -0.860000    0.746040    0.000000
 -0.860000    0.786040    0.000000
 -0.860000    0.826040    0.000000
 -0.840000    0.029440    0.000000
 -0.840000    0.069440    0.000000
 -0.840000    0.109440    0.000000
 -0.840000    0.149440    0.000000
 -0.840000    0.189440    0.000000
 -0.840000    0.229440    0.000000
 -0.840000    0.269440    0.000000
 -0.840000    0.309440    0.000000
 -0.840000    0.349440    0.000000
 -0.840000    0.389440    0.000000
 -0.840000    0.429440    0.000000
 -0.840000    0.469440    0.000000
 -0.840000    0.509440    0.000000
 -0.840000    0.549440    0.000000
 -0.840000    0.589440    0.000000
 -0.840000    0.629440    0.000000
 -0.840000    0.669440    0.000000
 -0.840000    0.709440    0.000000
 -0.840000    0.749440    0.000000
 -0.840000    0.789440    0.000000
 -0.840000    0.829440    0.000000
 -0.820000    0.032760    0.000000
 -0.820000    0.072760    0.000000
 -0.820000    0.112760    0.000000
 -0.820000    0.152760    0.000000
 -0.820000    0.192760    0.000000
 -0.820000    0.232760    0.000000
 -0.820000    0.272760    0.000000
 -0.820000    0.312760    0.000000
 -0.820000    0.352760    0.000000
 -0.820000    0.392760    0.000000
 -0.820000    0.432760    0.000000
 -0.820000    0.472760    0.000000
 -0.820000    0.512760    0.000000
 -0.820000    0.552760    0.000000
 -0.820000    0.592760    0.000000
 -0.820000    0.632760    0.000000
 -0.820000    0.672760    0.000000
 -0.820000    0.712760    0.000000
 -0.820000    0.752760    0.000000
 -0.820000    0.792760    0.000000
 -0.820000    0.832760    0.000000
 -0.800000    0.036000    0.000000
 -0.800000    0.076000    0.000000
 -0.800000    0.116000    0.000000
 -0.800000    0.156000    0.000000
 -0.800000    0.196000    0.000000
 -0.800000    0.236000    0.000000
 -0.800000    0.276000    0.000000
 -0.800000    0.316000    0.000000
 -0.800000    0.356000    0.000000
 -0.800000    0.396000    0.000000
 -0.800000    0.436000    0.000000
 -0.800000    0.476000    0.000000
 -0.800000    0.516000    0.000000
 -0.800000    0.556000    0.000000
 -0.800000    0.596000    0.000000
 -0.800000    0.636000    0.000000
 -0.800000    0.676000    0.000000
 -0.800000    0.716000    0.000000
 -0.800000    0.756000    0.000000
 -0.800000    0.796000    0.000000
 -0.800000    0.836000    0.000000
 -0.780000    0.039160    0.000000
 -0.780000    0.079160    0.000000
 -0.780000    0.119160    0.000000
 -0.780000    0.159160    0.000000
 -0.780000    0.199160    0.000000
 -0.780000    0.239160    0.000000
 -0.780000    0.279160    0.000000
 -0.780000    0.319160    0.000000
 -0.780000    0.359160    0.000000
 -0.780000    0.399160    0.000000
 -0.780000    0.439160    0.000000
 -0.780000    0.479160    0.000000
 -0.780000    0.519160    0.000000
 -0.780000    0.559160    0.000000
 -0.780000    0.599160    0.000000
 -0.780000    0.639160    0.000000
 -0.780000    0.679160    0.000000
 -0.780000    0.719160    0.000000
 -0.780000    0.759160    0.000000
 -0.780000    0.799160    0.000000
 -0.780000    0.839160    0.000000
 -0.760000    0.042240    0.000000
 -0.760000    0.082240    0.000000
 -0.760000    0.122240    0.000000
 -0.760000    0.162240    0.000000
 -0.760000    0.202240    0.000000
 -0.760000    0.242240    0.000000
 -0.760000    0.282240    0.000000
 -0.760000    0.322240    0.000000
 -0.760000    0.362240    0.000000
 -0.760000    0.402240    0.000000
 -0.760000    0.442240    0.000000
 -0.760000    0.482240    0.000000
 -0.760000    0.522240    0.000000
 -0.760000    0.562240    0.000000
 -0.760000    0.602240    0.000000
 -0.760000    0.642240    0.000000
 -0.760000    0.682240    0.000000
 -0.760000    0.722240    0.000000
 -0.760000    0.762240    0.000000
 -0.760000    0.802240    0.000000
 -0.760000    0.842240    0.000000
 -0.740000    0.045240    0.000000
 -0.740000    0.085240    0.000000
 -0.740000    0.125240    0.000000
 -0.740000    0.165240    0.000000
 -0.740000    0.205240    0.000000
 -0.740000    0.245240    0.000000
 -0.740000    0.285240    0.000000
 -0.740000    0.325240    0.000000
 -0.740000    0.365240    0.000000
 -0.740000    0.405240    0.000000
 -0.740000    0.445240    0.000000
 -0.740000    0.485240    0.000000
 -0.740000    0.525240    0.000000
 -0.740000    0.565240    0.000000
 -0.740000    0.605240    0.000000
 -0.740000    0.645240    0.000000
 -0.740000    0.685240    0.000000
 -0.740000    0.725240    0.000000
 -0.740000    0.765240    0.000000
 -0.740000    0.805240    0.000000
 -0.740000    0.845240    0.000000
 -0.720000    0.048160    0.000000
 -0.720000    0.088160    0.000000
 -0.720000    0.128160    0.000000
 -0.720000    0.168160    0.000000
 -0.720000    0.208160    0.000000
 -0.720000    0.248160    0.000000
 -0.720000    0.288160    0.000000
 -0.720000    0.328160    0.000000
 -0.720000    0.368160    0.000000
 -0.720000    0.408160    0.000000
 -0.720000    0.448160    0.000000
 -0.720000    0.488160    0.000000
 -0.720000    0.528160    0.000000
 -0.720000    0.568160    0.000000
 -0.720000    0.608160    0.000000
 -0.720000    0.648160    0.000000
 -0.720000    0.688160    0.000000
 -0.720000    0.728160    0.000000
 -0.720000    0.768160    0.000000
 -0.720000    0.808160    0.000000
 -0.720000    0.848160    0.000000
 -0.700000    0.051000    0.000000
 -0.700000    0.091000    0.000000
 -0.700000    0.131000    0.000000
 -0.700000    0.171000    0.000000
 -0.700000    0.211000    0.000000
 -0.700000    0.251000    0.000000
 -0.700000    0.291000    0.000000
 -0.700000    0.331000    0.000000
 -0.700000    0.371000    0.000000
 -0.700000    0.411000    0.000000
 -0.700000    0.451000    0.000000
 -0.700000    0.491000    0.000000
 -0.700000    0.531000    0.000000
 -0.700000    0.571000    0.000000
 -0.700000    0.611000    0.000000
 -0.700000    0.651000    0.000000
 -0.700000    0.691000    0.000000
 -0.700000    0.731000    0.000000
 -0.700000    0.771000    0.000000
 -0.700000    0.811000    0.000000
 -0.700000    0.851000    0.000000
 -0.680000    0.053760    0.000000
 -0.680000    0.093760    0.000000
 -0.680000    0.133760    0.000000
 -0.680000    0.173760    0.000000
 -0.680000    0.213760    0.000000
 -0.680000    0.253760    0.000000
 -0.680000    0.293760    0.000000
 -0.680000    0.333760    0.000000
 -0.680000    0.373760    0.000000
 -0.680000    0.413760    0.000000
 -0.680000    0.453760    0.000000
 -0.680000    0.493760    0.000000
 -0.680000    0.533760    0.000000
 -0.680000    0.573760    0.000000
 -0.680000    0.613760    0.000000
 -0.680000    0.653760    0.000000
 -0.680000    0.693760    0.000000
 -0.680000    0.733760    0.000000
 -0.680000    0.773760    0.000000
 -0.680000    0.813760    0.000000
 -0.680000    0.853760    0.000000
 -0.660000    0.056440    0.000000
 -0.660000    0.096440    0.000000
 -0.660000    0.136440    0.000000
 -0.660000    0.176440    0.000000
 -0.660000    0.216440    0.000000
 -0.660000    0.256440    0.000000
 -0.660000    0.296440    0.000000
 -0.660000    0.336440    0.000000
 -0.660000    0.376440    0.000000
 -0.660000    0.416440    0.000000
 -0.660000    0.456440    0.000000
 -0.660000    0.496440    0.000000
 -0.660000    0.536440    0.000000
 -0.660000    0.576440    0.000000
 -0.660000    0.616440    0.000000
 -0.660000    0.656440    0.000000
 -0.660000    0.696440    0.000000
 -0.660000    0.736440    0.000000
 -0.660000    0.776440    0.000000
 -0.660000    0.816440    0.000000
 -0.660000    0.856440    0.000000
 -0.640000    0.059040    0.000000
 -0.640000    0.099040    0.000000
 -0.640000    0.139040    0.000000
 -0.640000    0.179040    0.000000
 -0.640000    0.219040    0.000000
 -0.640000    0.259040    0.000000
 -0.640000    0.299040    0.000000
 -0.640000    0.339040    0.000000
 -0.640000    0.379040    0.000000
 -0.640000    0.419040    0.000000
 -0.640000    0.459040    0.000000
 -0.640000    0.499040    0.000000
 -0.640000    0.539040    0.000000
 -0.640000    0.579040    0.000000
 -0.640000    0.619040    0.000000
 -0.640000    0.659040    0.000000
 -0.640000    0.699040    0.000000
 -0.640000    0.739040    0.000000
 -0.640000    0.779040    0.000000
 -0.640000    0.819040    0.000000
 -0.640000    0.859040    0.000000
 -0.620000    0.061560    0.000000
 -0.620000    0.101560    0.000000
 -0.620000    0.141560    0.000000
 -0.620000    0.181560    0.000000
 -0.620000    0.221560    0.000000
 -0.620000    0.261560    0.000000
 -0.620000    0.301560    0.000000
 -0.620000    0.341560    0.000000
 -0.620000    0.381560    0.000000
 -0.620000    0.421560    0.000000
 -0.620000    0.461560    0.000000
 -0.620000    0.501560    0.000000
 -0.620000    0.541560    0.000000
 -0.620000    0.581560    0.000000
 -0.620000    0.621560    0.000000
 -0.620000    0.661560    0.000000
 -0.620000    0.701560    0.000000
 -0.620000    0.741560    0.000000
 -0.620000    0.781560    0.000000
 -0.620000    0.821560    0.000000
 -0.620000    0.861560    0.000000
 -0.600000    0.064000    0.000000
 -0.600000    0.104000    0.000000
 -0.600000    0.144000    0.000000
 -0.600000    0.184000    0.000000
 -0.600000    0.224000    0.000000
 -0.600000    0.264000    0.000000
 -0.600000    0.304000    0.000000
 -0.600000    0.344000    0.000000
 -0.600000    0.384000    0.000000
 -0.600000    0.424000    0.000000
 -0.600000    0.464000    0.000000
 -0.600000    0.504000    0.000000
 -0.600000    0.544000    0.000000
 -0.600000    0.584000    0.000000
 -0.600000    0.624000    0.000000
 -0.600000    0.664000    0.000000
 -0.600000    0.704000    0.000000
 -0.600000    0.744000    0.000000
 -0.600000    0.784000    0.000000
 -0.600000    0.824000    0.000000
 -0.600000    0.864000    0.000000
 -0.580000    0.066360    0.000000
 -0.580000    0.106360    0.000000
 -0.580000    0.146360    0.000000
 -0.580000    0.186360    0.000000
 -0.580000    0.226360    0.000000
 -0.580000    0.266360    0.000000
 -0.580000    0.306360    0.000000
 -0.580000    0.346360    0.000000
 -0.580000    0.386360    0.000000
 -0.580000    0.426360    0.000000
 -0.580000    0.466360    0.000000
 -0.580000    0.506360    0.000000
 -0.580000    0.546360    0.000000
 -0.580000    0.586360    0.000000
 -0.580000    0.626360    0.000000
 -0.580000    0.666360    0.000000
 -0.580000    0.706360    0.000000
 -0.580000    0.746360    0.000000
 -0.580000    0.786360    0.000000
 -0.580000    0.826360    0.000000
 -0.580000    0.866360    0.000000
 -0.560000    0.068640    0.000000
 -0.560000    0.108640    0.000000
 -0.560000    0.148640    0.000000
 -0.560000    0.188640    0.000000
 -0.560000    0.228640    0.000000
 -0.560000    0.268640    0.000000
 -0.560000    0.308640    0.000000
 -0.560000    0.348640    0.000000
 -0.560000    0.388640    0.000000
 -0.560000    0.428640    0.000000
 -0.560000    0.468640    0.000000
 -0.560000    0.508640    0.000000
 -0.560000    0.548640    0.000000
 -0.560000    0.588640    0.000000
 -0.560000    0.628640    0.000000
 -0.560000    0.668640    0.000000
 -0.560000    0.708640    0.000000
 -0.560000    0.748640    0.000000
 -0.560000    0.788640    0.000000
 -0.560000    0.828640    0.000000
 -0.560000    0.868640    0.000000
 -0.540000    0.070840    0.000000
 -0.540000    0.110840    0.000000
 -0.540000    0.150840    0.000000
 -0.540000    0.190840    0.000000
 -0.540000    0.230840    0.000000
 -0.540000    0.270840    0.000000
 -0.540000    0.310840    0.000000
 -0.540000    0.350840    0.000000
 -0.540000    0.390840    0.000000
 -0.540000    0.430840    0.000000
 -0.540000    0.470840    0.000000
 -0.540000    0.510840    0.000000
 -0.540000    0.550840    0.000000
 -0.540000    0.590840    0.000000
 -0.540000    0.630840    0.000000
 -0.540000    0.670840    0.000000
 -0.540000    0.710840    0.000000
 -0.540000    0.750840    0.000000
 -0.540000    0.790840    0.000000
 -0.540000    0.830840    0.000000
 -0.540000    0.870840    0.000000
 -0.520000    0.072960    0.000000
 -0.520000    0.112960    0.000000
 -0.520000    0.152960    0.000000
 -0.520000    0.192960    0.000000
 -0.520000    0.232960    0.000000
 -0.520000    0.272960    0.000000
 -0.520000    0.312960    0.000000
 -0.520000    0.352960    0.000000
 -0.520000    0.392960    0.000000
 -0.520000    0.432960    0.000000
 -0.520000    0.472960    0.000000
 -0.520000    0.512960    0.000000
 -0.520000    0.552960    0.000000
 -0.520000    0.592960    0.000000
 -0.520000    0.632960    0.000000
 -0.520000    0.672960    0.000000
 -0.520000    0.712960    0.000000
 -0.520000    0.752960    0.000000
 -0.520000    0.792960    0.000000
 -0.520000    0.832960    0.000000
 -0.520000    0.872960    0.000000
 -0.500000    0.075000    0.000000
 -0.500000    0.115000    0.000000
 -0.500000    0.155000    0.000000
 -0.500000    0.195000    0.000000
 -0.500000    0.235000    0.000000
 -0.500000    0.275000    0.000000
 -0.500000    0.315000    0.000000
 -0.500000    0.355000    0.000000
 -0.500000    0.395000    0.000000
 -0.500000    0.435000    0.000000
 -0.500000    0.475000    0.000000
 -0.500000    0.515000    0.000000
 -0.500000    0.555000    0.000000
 -0.500000    0.595000    0.000000
 -0.500000    0.635000    0.000000
 -0.500000    0.675000    0.000000
 -0.500000    0.715000    0.000000
 -0.500000    0.755000    0.000000
 -0.500000    0.795000    0.000000
 -0.500000    0.835000    0.000000
 -0.500000    0.875000    0.000000
 -0.480000    0.076960    0.000000
 -0.480000    0.116960    0.000000
 -0.480000    0.156960    0.000000
 -0.480000    0.196960    0.000000
 -0.480000    0.236960    0.000000
 -0.480000    0.276960    0.000000
 -0.480000    0.316960    0.000000
 -0.480000    0.356960    0.000000
 -0.480000    0.396960    0.000000
 -0.480000    0.436960    0.000000
 -0.480000    0.476960    0.000000
 -0.480000    0.516960    0.000000
 -0.480000    0.556960    0.000000
 -0.480000    0.596960    0.000000
 -0.480000    0.636960    0.000000
 -0.480000    0.676960    0.000000
 -0.480000    0.716960    0.000000
 -0.480000    0.756960    0.000000
 -0.480000    0.796960    0.000000
 -0.480000    0.836960    0.000000
 -0.480000    0.876960    0.000000
 -0.460000    0.078840    0.000000
 -0.460000    0.118840    0.000000
 -0.460000    0.158840    0.000000
 -0.460000    0.198840    0.000000
 -0.460000    0.238840    0.000000
 -0.460000    0.278840    0.000000
 -0.460000    0.318840    0.000000
 -0.460000    0.358840    0.000000
 -0.460000    0.398840    0.000000
 -0.460000    0.438840    0.000000
 -0.460000    0.478840    0.000000
 -0.460000    0.518840    0.000000
 -0.460000    0.558840    0.000000
 -0.460000    0.598840    0.000000
 -0.460000    0.638840    0.000000
 -0.460000    0.678840    0.000000
 -0.460000    0.718840    0.000000
 -0.460000    0.758840    0.000000
 -0.460000    0.798840    0.000000
 -0.460000    0.838840    0.000000
 -0.460000    0.878840    0.000000
 -0.440000    0.080640    0.000000
 -0.440000    0.120640    0.000000
 -0.440000    0.160640    0.000000
 -0.440000    0.200640    0.000000
 -0.440000    0.240640    0.000000
 -0.440000    0.280640    0.000000
 -0.440000    0.320640    0.000000
 -0.440000    0.360640    0.000000
 -0.440000    0.400640    0.000000
 -0.440000    0.440640    0.000000
 -0.440000    0.480640    0.000000
 -0.440000    0.520640    0.000000
 -0.440000    0.560640    0.000000
 -0.440000    0.600640    0.000000
 -0.440000    0.640640    0.000000
 -0.440000    0.680640    0.000000
 -0.440000    0.720640    0.000000
 -0.440000    0.760640    0.000000
 -0.440000    0.800640    0.000000
 -0.440000    0.840640    0.000000
 -0.440000    0.880640    0.000000
 -0.420000    0.082360    0.000000
 -0.420000    0.122360    0.000000
 -0.420000    0.162360    0.000000
 -0.420000    0.202360    0.000000
 -0.420000    0.242360    0.000000
 -0.420000    0.282360    0.000000
 -0.420000    0.322360    0.000000
 -0.420000    0.362360    0.000000
 -0.420000    0.402360    0.000000
 -0.420000    0.442360    0.000000
 -0.420000    0.482360    0.000000
 -0.420000    0.522360    0.000000
 -0.420000    0.562360    0.000000
 -0.420000    0.602360    0.000000
 -0.420000    0.642360    0.000000
 -0.420000    0.682360    0.000000
 -0.420000    0.722360    0.000000
 -0.420000    0.762360    0.000000
 -0.420000    0.802360    0.000000
 -0.420000    0.842360    0.000000
 -0.420000    0.882360    0.000000
 -0.400000    0.084000    0.000000
 -0.400000    0.124000    0.000000
 -0.400000    0.164000    0.000000
 -0.400000    0.204000    0.000000
 -0.400000    0.244000    0.000000
 -0.400000    0.284000    0.000000
 -0.400000    0.324000    0.000000
 -0.400000    0.364000    0.000000
 -0.400000    0.404000    0.000000
 -0.400000    0.444000    0.000000
 -0.400000    0.484000    0.000000
 -0.400000    0.524000    0.000000
 -0.400000    0.564000    0.000000
 -0.400000    0.604000    0.000000
 -0.400000    0.644000    0.000000
 -0.400000    0.684000    0.000000
 -0.400000    0.724000    0.000000
 -0.400000    0.764000    0.000000
 -0.400000    0.804000    0.000000
 -0.400000    0.844000    0.000000
 -0.400000    0.884000    0.000000
 -0.380000    0.085560    0.000000
 -0.380000    0.125560    0.000000
 -0.380000    0.165560    0.000000
 -0.380000    0.205560    0.000000
 -0.380000    0.245560    0.000000
 -0.380000    0.285560    0.000000
 -0.380000    0.325560    0.000000
 -0.380000    0.365560    0.000000
 -0.380000    0.405560    0.000000
 -0.380000    0.445560    0.000000
 -0.380000    0.485560    0.000000
 -0.380000    0.525560    0.000000
 -0.380000    0.565560    0.000000
 -0.380000    0.605560    0.000000
 -0.380000    0.645560    0.000000
 -0.380000    0.685560    0.000000
 -0.380000    0.725560    0.000000
 -0.380000    0.765560    0.000000
 -0.380000    0.805560    0.000000
 -0.380000    0.845560    0.000000
 -0.380000    0.885560    0.000000
 -0.360000    0.087040    0.000000
 -0.360000    0.127040    0.000000
 -0.360000    0.167040    0.000000
 -0.360000    0.207040    0.000000
 -0.360000    0.247040    0.000000
 -0.360000    0.287040    0.000000
 -0.360000    0.327040    0.000000
 -0.360000    0.367040    0.000000
 -0.360000    0.407040    0.000000
 -0.360000    0.447040    0.000000
 -0.360000    0.487040    0.000000
 -0.360000    0.527040    0.000000
 -0.360000    0.567040    0.000000
 -0.360000    0.607040    0.000000
 -0.360000    0.647040    0.000000
 -0.360000    0.687040    0.000000
 -0.360000    0.727040    0.000000
 -0.360000    0.767040    0.000000
 -0.360000    0.807040    0.000000
 -0.360000    0.847040    0.000000
 -0.360000    0.887040    0.000000
 -0.340000    0.088440    0.000000
 -0.340000    0.128440    0.000000
 -0.340000    0.168440    0.000000
 -0.340000    0.208440    0.000000
 -0.340000    0.248440    0.000000
 -0.340000    0.288440    0.000000
 -0.340000    0.328440    0.000000
 -0.340000    0.368440    0.000000
 -0.340000    0.408440    0.000000
 -0.340000    0.448440    0.000000
 -0.340000    0.488440    0.000000
 -0.340000    0.528440    0.000000
 -0.340000    0.568440    0.000000
 -0.340000    0.608440    0.000000
 -0.340000    0.648440    0.000000
 -0.340000    0.688440    0.000000
 -0.340000    0.728440    0.000000
 -0.340000    0.768440    0.000000
 -0.340000    0.808440    0.000000
 -0.340000    0.848440    0.000000
 -0.340000    0.888440    0.000000
 -0.320000    0.089760    0.000000
 -0.320000    0.129760    0.000000
 -0.320000    0.169760    0.000000
 -0.320000    0.209760    0.000000
 -0.320000    0.249760    0.000000
 -0.320000    0.289760    0.000000
 -0.320000    0.329760    0.000000
 -0.320000    0.369760    0.000000
 -0.320000    0.409760    0.000000
 -0.320000    0.449760    0.000000
 -0.320000    0.489760    0.000000
 -0.320000    0.529760    0.000000
 -0.320000    0.569760    0.000000
 -0.320000    0.609760    0.000000
 -0.320000    0.649760    0.000000
 -0.320000    0.689760    0.000000
 -0.320000    0.729760    0.000000
 -0.320000    0.769760    0.000000
 -0.320000    0.809760    0.000000
 -0.320000    0.849760    0.000000
 -0.320000    0.889760    0.000000
 -0.300000    0.091000    0.000000
 -0.300000    0.131000    0.000000
 -0.300000    0.171000    0.000000
 -0.300000    0.211000    0.000000
 -0.300000    0.251000    0.000000
 -0.300000    0.291000    0.000000
 -0.300000    0.331000    0.000000
 -0.300000    0.371000    0.000000
 -0.300000    0.411000    0.000000
 -0.300000    0.451000    0.000000
 -0.300000    0.491000    0.000000
 -0.300000    0.531000    0.000000
 -0.300000    0.571000    0.000000
 -0.300000    0.611000    0.000000
 -0.300000    0.651000    0.000000
 -0.300000    0.691000    0.000000
 -0.300000    0.731000    0.000000
 -0.300000    0.771000    0.000000
 -0.300000    0.811000    0.000000
 -0.300000    0.851000    0.000000
 -0.300000    0.891000    0.000000
 -0.280000    0.092160    0.000000
 -0.280000    0.132160    0.000000
 -0.280000    0.172160    0.000000
 -0.280000    0.212160    0.000000
 -0.280000    0.252160    0.000000
 -0.280000    0.292160    0.000000
 -0.280000    0.332160    0.000000
 -0.280000    0.372160    0.000000
 -0.280000    0.412160    0.000000
 -0.280000    0.452160    0.000000
 -0.280000    0.492160    0.000000
 -0.280000    0.532160    0.000000
 -0.280000    0.572160    0.000000
 -0.280000    0.612160    0.000000
 -0.280000    0.652160    0.000000
 -0.280000    0.692160    0.000000
 -0.280000    0.732160    0.000000
 -0.280000    0.772160    0.000000
 -0.280000    0.812160    0.000000
 -0.280000    0.852160    0.000000
 -0.280000    0.892160    0.000000
 -0.260000    0.093240    0.000000
 -0.260000    0.133240    0.000000
 -0.260000    0.173240    0.000000
 -0.260000    0.213240    0.000000
 -0.260000    0.253240    0.000000
 -0.260000    0.293240    0.000000
 -0.260000    0.333240    0.000000
 -0.260000    0.373240    0.000000
 -0.260000    0.413240    0.000000
 -0.260000    0.453240    0.000000
 -0.260000    0.493240    0.000000
 -0.260000    0.533240    0.000000
 -0.260000    0.573240    0.000000
 -0.260000    0.613240    0.000000
 -0.260000    0.653240    0.000000
 -0.260000    0.693240    0.000000
 -0.260000    0.733240    0.000000
 -0.260000    0.773240    0.000000
 -0.260000    0.813240    0.000000
 -0.260000    0.853240    0.000000
 -0.260000    0.893240    0.000000
 -0.240000    0.094240    0.000000
 -0.240000    0.134240    0.000000
 -0.240000    0.174240    0.000000
 -0.240000    0.214240    0.000000
 -0.240000    0.254240    0.000000
 -0.240000    0.294240    0.000000
 -0.240000    0.334240    0.000000
 -0.240000    0.374240    0.000000
 -0.240000    0.414240    0.000000
 -0.240000    0.454240    0.000000
 -0.240000    0.494240    0.000000
 -0.240000    0.534240    0.000000
 -0.240000    0.574240    0.000000
 -0.240000    0.614240    0.000000
 -0.240000    0.654240    0.000000
 -0.240000    0.694240    0.000000
 -0.240000    0.734240    0.000000
 -0.240000    0.774240    0.000000
 -0.240000    0.814240    0.000000
 -0.240000    0.854240    0.000000
 -0.240000    0.894240    0.000000
 -0.220000    0.095160    0.000000
 -0.220000    0.135160    0.000000
 -0.220000    0.175160    0.000000
 -0.220000    0.215160    0.000000
 -0.220000    0.255160    0.000000
 -0.220000    0.295160    0.000000
 -0.220000    0.335160    0.000000
 -0.220000    0.375160    0.000000
 -0.220000    0.415160    0.000000
 -0.220000    0.455160    0.000000
 -0.220000    0.495160    0.000000
 -0.220000    0.535160    0.000000
 -0.220000    0.575160    0.000000
 -0.220000    0.615160    0.000000
 -0.220000    0.655160    0.000000
 -0.220000    0.695160    0.000000
 -0.220000    0.735160    0.000000
 -0.220000    0.775160    0.000000
 -0.220000    0.815160    0.000000
 -0.220000    0.855160    0.000000
 -0.220000    0.895160    0.000000
 -0.200000    0.096000    0.000000
 -0.200000    0.136000    0.000000
 -0.200000    0.176000    0.000000
 -0.200000    0.216000    0.000000
 -0.200000    0.256000    0.000000
 -0.200000    0.296000    0.000000
 -0.200000    0.336000    0.000000
 -0.200000    0.376000    0.000000
 -0.200000    0.416000    0.000000
 -0.200000    0.456000    0.000000
 -0.200000    0.496000    0.000000
 -0.200000    0.536000    0.000000
 -0.200000    0.576000    0.000000
 -0.200000    0.616000    0.000000
 -0.200000    0.656000    0.000000
 -0.200000    0.696000    0.000000
 -0.200000    0.736000    0.000000
 -0.200000    0.776000    0.000000
 -0.200000    0.816000    0.000000
 -0.200000    0.856000    0.000000
 -0.200000    0.896000    0.000000
 -0.180000    0.096760    0.000000
 -0.180000    0.136760    0.000000
 -0.180000    0.176760    0.000000
 -0.180000    0.216760    0.000000
 -0.180000    0.256760    0.000000
 -0.180000    0.296760    0.000000
 -0.180000    0.336760    0.000000
 -0.180000    0.376760    0.000000
 -0.180000    0.416760    0.000000
 -0.180000    0.456760    0.000000
 -0.180000    0.496760    0.000000
 -0.180000    0.536760    0.000000
 -0.180000    0.576760    0.000000
 -0.180000    0.616760    0.000000
 -0.180000    0.656760    0.000000
 -0.180000    0.696760    0.000000
 -0.180000    0.736760    0.000000
 -0.180000    0.776760    0.000000
 -0.180000    0.816760    0.000000
 -0.180000    0.856760    0.000000
 -0.180000    0.896760    0.000000
 -0.160000    0.097440    0.000000
 -0.160000    0.137440    0.000000
 -0.160000    0.177440    0.000000
 -0.160000    0.217440    0.000000
 -0.160000    0.257440    0.000000
 -0.160000    0.297440    0.000000
 -0.160000    0.337440    0.000000
 -0.160000    0.377440    0.000000
 -0.160000    0.417440    0.000000
 -0.160000    0.457440    0.000000
 -0.160000    0.497440    0.000000
 -0.160000    0.537440    0.000000
 -0.160000    0.577440    0.000000
 -0.160000    0.617440    0.000000
 -0.160000    0.657440    0.000000
 -0.160000    0.697440    0.000000
 -0.160000    0.737440    0.000000
 -0.160000    0.777440    0.000000
 -0.160000    0.817440    0.000000
 -0.160000    0.857440    0.000000
 -0.160000    0.897440    0.000000
 -0.140000    0.098040    0.000000
 -0.140000    0.138040    0.000000
 -0.140000    0.178040    0.000000
 -0.140000    0.218040    0.000000
 -0.140000    0.258040    0.000000
 -0.140000    0.298040    0.000000
 -0.140000    0.338040    0.000000
 -0.140000    0.378040    0.000000
 -0.140000    0.418040    0.000000
 -0.140000    0.458040    0.000000
 -0.140000    0.498040    0.000000
 -0.140000    0.538040    0.000000
 -0.140000    0.578040    0.000000
 -0.140000    0.618040    0.000000
 -0.140000    0.658040    0.000000
 -0.140000    0.698040    0.000000
 -0.140000    0.738040    0.000000
 -0.140000    0.778040    0.000000
 -0.140000    0.818040    0.000000
 -0.140000    0.858040    0.000000
 -0.140000    0.898040    0.000000
 -0.120000    0.098560    0.000000
 -0.120000    0.138560    0.000000
 -0.120000    0.178560    0.000000
 -0.120000    0.218560    0.000000
 -0.120000    0.258560    0.000000
 -0.120000    0.298560    0.000000
 -0.120000    0.338560    0.000000
 -0.120000    0.378560    0.000000
 -0.120000    0.418560    0.000000
 -0.120000    0.458560    0.000000
 -0.120000    0.498560    0.000000
 -0.120000    0.538560    0.000000
 -0.120000    0.578560    0.000000
 -0.120000    0.618560    0.000000
 -0.120000    0.658560    0.000000
 -0.120000    0.698560    0.000000
 -0.120000    0.738560    0.000000
 -0.120000    0.778560    0.000000
 -0.120000    0.818560    0.000000
 -0.120000    0.858560    0.000000
 -0.120000    0.898560    0.000000
 -0.100000    0.099000    0.000000
 -0.100000    0.139000    0.000000
 -0.100000    0.179000    0.000000
 -0.100000    0.219000    0.000000
 -0.100000    0.259000    0.000000
 -0.100000    0.299000    0.000000
 -0.100000    0.339000    0.000000
 -0.100000    0.379000    0.000000
 -0.100000    0.419000    0.000000
 -0.100000    0.459000    0.000000
 -0.100000    0.499000    0.000000
 -0.100000    0.539000    0.000000
 -0.100000    0.579000    0.000000
 -0.100000    0.619000    0.000000
 -0.100000    0.659000    0.000000
 -0.100000    0.699000    0.000000
 -0.100000    0.739000    0.000000
 -0.100000    0.779000    0.000000
 -0.100000    0.819000    0.000000
 -0.100000    0.859000    0.000000
 -0.100000    0.899000    0.000000
 -0.080000    0.099360    0.000000
 -0.080000    0.139360    0.000000
 -0.080000    0.179360    0.000000
 -0.080000    0.219360    0.000000
 -0.080000    0.259360    0.000000
 -0.080000    0.299360    0.000000
 -0.080000    0.339360    0.000000
 -0.080000    0.379360    0.000000
 -0.080000    0.419360    0.000000
 -0.080000    0.459360    0.000000
 -0.080000    0.499360    0.000000
 -0.080000    0.539360    0.000000
 -0.080000    0.579360    0.000000
 -0.080000    0.619360    0.000000
 -0.080000    0.659360    0.000000
 -0.080000    0.699360    0.000000
 -0.080000    0.739360    0.000000
 -0.080000    0.779360    0.000000
 -0.080000    0.819360    0.000000
 -0.080000    0.859360    0.000000
 -0.080000    0.899360    0.000000
 -0.060000    0.099640    0.000000
 -0.060000    0.139640    0.000000
 -0.060000    0.179640    0.000000
 -0.060000    0.219640    0.000000
 -0.060000    0.259640    0.000000
 -0.060000    0.299640    0.000000
 -0.060000    0.339640    0.000000
 -0.060000    0.379640    0.000000
 -0.060000    0.419640    0.000000
 -0.060000    0.459640    0.000000
 -0.060000    0.499640    0.000000
 -0.060000    0.539640    0.000000
 -0.060000    0.579640    0.000000
 -0.060000    0.619640    0.000000
 -0.060000    0.659640    0.000000
 -0.060000    0.699640    0.000000
 -0.060000    0.739640    0.000000
 -0.060000    0.779640    0.000000
 -0.060000    0.819640    0.000000
 -0.060000    0.859640    0.000000
 -0.060000    0.899640    0.000000
 -0.040000    0.099840    0.000000
 -0.040000    0.139840    0.000000
 -0.040000    0.179840    0.000000
 -0.040000    0.219840    0.000000
 -0.040000    0.259840    0.000000
 -0.040000    0.299840    0.000000
 -0.040000    0.339840    0.000000
 -0.040000    0.379840    0.000000
 -0.040000    0.419840    0.000000
 -0.040000    0.459840    0.000000
 -0.040000    0.499840    0.000000
 -0.040000    0.539840    0.000000
 -0.040000    0.579840    0.000000
 -0.040000    0.619840    0.000000
 -0.040000    0.659840    0.000000
 -0.040000    0.699840    0.000000
 -0.040000    0.739840    0.000000
 -0.040000    0.779840    0.000000
 -0.040000    0.819840    0.000000
 -0.040000    0.859840    0.000000
 -0.040000    0.899840    0.000000
 -0.020000    0.099960    0.000000
 -0.020000    0.139960    0.000000
 -0.020000    0.179960    0.000000
 -0.020000    0.219960    0.000000
 -0.020000    0.259960    0.000000
 -0.020000    0.299960    0.000000
 -0.020000    0.339960    0.000000
 -0.020000    0.379960    0.000000
 -0.020000    0.419960    0.000000
 -0.020000    0.459960    0.000000
 -0.020000    0.499960    0.000000
 -0.020000    0.539960    0.000000
 -0.020000    0.579960    0.000000
 -0.020000    0.619960    0.000000
 -0.020000    0.659960    0.000000
 -0.020000    0.699960    0.000000
 -0.020000    0.739960    0.000000
 -0.020000    0.779960    0.000000
 -0.020000    0.819960    0.000000
 -0.020000    0.859960    0.000000
 -0.020000    0.899960    0.000000
  0.000000    0.100000    0.000000
  0.000000    0.140000    0.000000
  0.000000    0.180000    0.000000
  0.000000    0.220000    0.000000
  0.000000    0.260000    0.000000
  0.000000    0.300000    0.000000
  0.000000    0.340000    0.000000
  0.000000    0.380000    0.000000
  0.000000    0.420000    0.000000
  0.000000    0.460000    0.000000
  0.000000    0.500000    0.000000
  0.000000    0.540000    0.000000
  0.000000    0.580000    0.000000
  0.000000    0.620000    0.000000
  0.000000    0.660000    0.000000
  0.000000    0.700000    0.000000
  0.000000    0.740000    0.000000
  0.000000    0.780000    0.000000
  0.000000    0.820000    0.000000
  0.000000    0.860000    0.000000
  0.000000    0.900000    0.000000
  0.020000    0.099960    0.000000
  0.020000    0.139960    0.000000
  0.020000    0.179960    0.000000
  0.020000    0.219960    0.000000
  0.020000    0.259960    0.000000
  0.020000    0.299960    0.000000
  0.020000    0.339960    0.000000
  0.020000    0.379960    0.000000
  0.020000    0.419960    0.000000
  0.020000    0.459960    0.000000
  0.020000    0.499960    0.000000
  0.020000    0.539960    0.000000
  0.020000    0.579960    0.000000
  0.020000    0.619960    0.000000
  0.020000    0.659960    0.000000
  0.020000    0.699960    0.000000
  0.020000    0.739960    0.000000
  0.020000    0.779960    0.000000
  0.020000    0.819960    0.000000
  0.020000    0.859960    0.000000
  0.020000    0.899960    0.000000
  0.040000    0.099840    0.000000
  0.040000    0.139840    0.000000
  0.040000    0.179840    0.000000
  0.040000    0.219840    0.000000
  0.040000    0.259840    0.000000
  0.040000    0.299840    0.000000
  0.040000    0.339840    0.000000
  0.040000    0.379840    0.000000
  0.040000    0.419840    0.000000
  0.040000    0.459840    0.000000
  0.040000    0.499840    0.000000
  0.040000    0.539840    0.000000
  0.040000    0.579840    0.000000
  0.040000    0.619840    0.000000
  0.040000    0.659840    0.000000
  0.040000    0.699840    0.000000
  0.040000    0.739840    0.000000
  0.040000    0.779840    0.000000
  0.040000    0.819840    0.000000
  0.040000    0.859840    0.000000
  0.040000    0.899840    0.000000
  0.060000    0.099640    0.000000
  0.060000    0.139640    0.000000
  0.060000    0.179640    0.000000
  0.060000    0.219640    0.000000
  0.060000    0.259640    0.000000
  0.060000    0.299640    0.000000
  0.060000    0.339640    0.000000
  0.060000    0.379640    0.000000
  0.060000    0.419640    0.000000
  0.060000    0.459640    0.000000
  0.060000    0.499640    0.000000
  0.060000    0.539640    0.000000
  0.060000    0.579640    0.000000
  0.060000    0.619640    0.000000
  0.060000    0.659640    0.000000
  0.060000    0.699640    0.000000
  0.060000    0.739640    0.000000
  0.060000    0.779640    0.000000
  0.060000    0.819640    0.000000
  0.060000    0.859640    0.000000
  0.060000    0.899640    0.000000
  0.080000    0.099360    0.000000
  0.080000    0.139360    0.000000
  0.080000    0.179360    0.000000
  0.080000    0.219360    0.000000
  0.080000    0.259360    0.000000
  0.080000    0.299360    0.000000
  0.080000    0.339360    0.000000
  0.080000    0.379360    0.000000
  0.080000    0.419360    0.000000
  0.080000    0.459360    0.000000
  0.080000    0.499360    0.000000
  0.080000    0.539360    0.000000
  0.080000    0.579360    0.000000
  0.080000    0.619360    0.000000
  0.080000    0.659360    0.000000
  0.080000    0.699360    0.000000
  0.080000    0.739360    0.000000
  0.080000    0.779360    0.000000
  0.080000    0.819360    0.000000
  0.080000    0.859360    0.000000
  0.080000    0.899360    0.000000
  0.100000    0.099000    0.000000
  0.100000    0.139000    0.000000
  0.100000    0.179000    0.000000
  0.100000    0.219000    0.000000
  0.100000    0.259000    0.000000
  0.100000    0.299000    0.000000
  0.100000    0.339000    0.000000
  0.100000    0.379000    0.000000
  0.100000    0.419000    0.000000
  0.100000    0.459000    0.000000
  0.100000    0.499000    0.000000
  0.100000    0.539000    0.000000
  0.100000    0.579000    0.000000
  0.100000    0.619000    0.000000
  0.100000    0.659000    0.000000
  0.100000    0.699000    0.000000
  0.100000    0.739000    0.000000
  0.100000    0.779000    0.000000
  0.100000    0.819000    0.000000
  0.100000    0.859000    0.000000
  0.100000    0.899000    0.000000
  0.120000    0.098560    0.000000
  0.120000    0.138560    0.000000
  0.120000    0.178560    0.000000
  0.120000    0.218560    0.000000
  0.120000    0.258560    0.000000
  0.120000    0.298560    0.000000
  0.120000    0.338560    0.000000
  0.120000    0.378560    0.000000
  0.120000    0.418560    0.000000
  0.120000    0.458560    0.000000
  0.120000    0.498560    0.000000
  0.120000    0.538560    0.000000
  0.120000    0.578560    0.000000
  0.120000    0.618560    0.000000
  0.120000    0.658560    0.000000
  0.120000    0.698560    0.000000
  0.120000    0.738560    0.000000
  0.120000    0.778560    0.000000
  0.120000    0.818560    0.000000
  0.120000    0.858560    0.000000
  0.120000    0.898560    0.000000
  0.140000    0.098040    0.000000
  0.140000    0.138040    0.000000
  0.140000    0.178040    0.000000
  0.140000    0.218040    0.000000
  0.140000    0.258040    0.000000
  0.140000    0.298040    0.000000
  0.140000    0.338040    0.000000
  0.140000    0.378040    0.000000
  0.140000    0.418040    0.000000
  0.140000    0.458040    0.000000
  0.140000    0.498040    0.000000
  0.140000    0.538040    0.000000
  0.140000    0.578040    0.000000
  0.140000    0.618040    0.000000
  0.140000    0.658040    0.000000
  0.140000    0.698040    0.000000
  0.140000    0.738040    0.000000
  0.140000    0.778040    0.000000
  0.140000    0.818040    0.000000
  0.140000    0.858040    0.000000
  0.140000    0.898040    0.000000
  0.160000    0.097440    0.000000
  0.160000    0.137440    0.000000
  0.160000    0.177440    0.000000
  0.160000    0.217440    0.000000
  0.160000    0.257440    0.000000
  0.160000    0.297440    0.000000
  0.160000    0.337440    0.000000
  0.160000    0.377440    0.000000
  0.160000    0.417440    0.000000
  0.160000    0.457440    0.000000
  0.160000    0.497440    0.000000
  0.160000    0.537440    0.000000
  0.160000    0.577440    0.000000
  0.160000    0.617440    0.000000
  0.160000    0.657440    0.000000
  0.160000    0.697440    0.000000
  0.160000    0.737440    0.000000
  0.160000    0.777440    0.000000
  0.160000    0.817440    0.000000
  0.160000    0.857440    0.000000
  0.160000    0.897440    0.000000
  0.180000    0.096760    0.000000
  0.180000    0.136760    0.000000
  0.180000    0.176760    0.000000
  0.180000    0.216760    0.000000
  0.180000    0.256760    0.000000
  0.180000    0.296760    0.000000
  0.180000    0.336760    0.000000
  0.180000    0.376760    0.000000
  0.180000    0.416760    0.000000
  0.180000    0.456760    0.000000
  0.180000    0.496760    0.000000
  0.180000    0.536760    0.000000
  0.180000    0.576760    0.000000
  0.180000    0.616760    0.000000
  0.180000    0.656760    0.000000
  0.180000    0.696760    0.000000
  0.180000    0.736760    0.000000
  0.180000    0.776760    0.000000
  0.180000    0.816760    0.000000
  0.180000    0.856760    0.000000
  0.180000    0.896760    0.000000
  0.200000    0.096000    0.000000
  0.200000    0.136000    0.000000
  0.200000    0.176000    0.000000
  0.200000    0.216000    0.000000
  0.200000    0.256000    0.000000
  0.200000    0.296000    0.000000
  0.200000    0.336000    0.000000
  0.200000    0.376000    0.000000
  0.200000    0.416000    0.000000
  0.200000    0.456000    0.000000
  0.200000    0.496000    0.000000
  0.200000    0.536000    0.000000
  0.200000    0.576000    0.000000
  0.200000    0.616000    0.000000
  0.200000    0.656000    0.000000
  0.200000    0.696000    0.000000
  0.200000    0.736000    0.000000
  0.200000    0.776000    0.000000
  0.200000    0.816000    0.000000
  0.200000    0.856000    0.000000
  0.200000    0.896000    0.000000
  0.220000    0.095160    0.000000
  0.220000    0.135160    0.000000
  0.220000    0.175160    0.000000
  0.220000    0.215160    0.000000
  0.220000    0.255160    0.000000
  0.220000    0.295160    0.000000
  0.220000    0.335160    0.000000
  0.220000    0.375160    0.000000
  0.220000    0.415160    0.000000
  0.220000    0.455160    0.000000
  0.220000    0.495160    0.000000
  0.220000    0.535160    0.000000
  0.220000    0.575160    0.000000
  0.220000    0.615160    0.000000
  0.220000    0.655160    0.000000
  0.220000    0.695160    0.000000
  0.220000    0.735160    0.000000
  0.220000    0.775160    0.000000
  0.220000    0.815160    0.000000
  0.220000    0.855160    0.000000
  0.220000    0.895160    0.000000
  0.240000    0.094240    0.000000
  0.240000    0.134240    0.000000
  0.240000    0.174240    0.000000
  0.240000    0.214240    0.000000
  0.240000    0.254240    0.000000
  0.240000    0.294240    0.000000
  0.240000    0.334240    0.000000
  0.240000    0.374240    0.000000
  0.240000    0.414240    0.000000
  0.240000    0.454240    0.000000
  0.240000    0.494240    0.000000
  0.240000    0.534240    0.000000
  0.240000    0.574240    0.000000
  0.240000    0.614240    0.000000
  0.240000    0.654240    0.000000
  0.240000    0.694240    0.000000
  0.240000    0.734240    0.000000
  0.240000    0.774240    0.000000
  0.240000    0.814240    0.000000
  0.240000    0.854240    0.000000
  0.240000    0.894240    0.000000
  0.260000    0.093240    0.000000
  0.260000    0.133240    0.000000
  0.260000    0.173240    0.000000
  0.260000    0.213240    0.000000
  0.260000    0.253240    0.000000
  0.260000    0.293240    0.000000
  0.260000    0.333240    0.000000
  0.260000    0.373240    0.000000
  0.260000    0.413240    0.000000
  0.260000    0.453240    0.000000
  0.260000    0.493240    0.000000
  0.260000    0.533240    0.000000
  0.260000    0.573240    0.000000
  0.260000    0.613240    0.000000
  0.260000    0.653240    0.000000
  0.260000    0.693240    0.000000
  0.260000    0.733240    0.000000
  0.260000    0.773240    0.000000
  0.260000    0.813240    0.000000
  0.260000    0.853240    0.000000
  0.260000    0.893240    0.000000
  0.280000    0.092160    0.000000
  0.280000    0.132160    0.000000
  0.280000    0.172160    0.000000
  0.280000    0.212160    0.000000
  0.280000    0.252160    0.000000
  0.280000    0.292160    0.000000
  0.280000    0.332160    0.000000
  0.280000    0.372160    0.000000
  0.280000    0.412160    0.000000
  0.280000    0.452160    0.000000
  0.280000    0.492160    0.000000
  0.280000    0.532160    0.000000
  0.280000    0.572160    0.000000
  0.280000    0.612160    0.000000
  0.280000    0.652160    0.000000
  0.280000    0.692160    0.000000
  0.280000    0.732160    0.000000
  0.280000    0.772160    0.000000
  0.280000    0.812160    0.000000
  0.280000    0.852160    0.000000
  0.280000    0.892160    0.000000
  0.300000    0.091000    0.000000
  0.300000    0.131000    0.000000
  0.300000    0.171000    0.000000
  0.300000    0.211000    0.000000
  0.300000    0.251000    0.000000
  0.300000    0.291000    0.000000
  0.300000    0.331000    0.000000
  0.300000    0.371000    0.000000
  0.300000    0.411000    0.000000
  0.300000    0.451000    0.000000
  0.300000    0.491000    0.000000
  0.300000    0.531000    0.000000
  0.300000    0.571000    0.000000
  0.300000    0.611000    0.000000
  0.300000    0.651000    0.000000
  0.300000    0.691000    0.000000
  0.300000    0.731000    0.000000
  0.300000    0.771000    0.000000
  0.300000    0.811000    0.000000
  0.300000    0.851000    0.000000
  0.300000    0.891000    0.000000
  0.320000    0.089760    0.000000
  0.320000    0.129760    0.000000
  0.320000    0.169760    0.000000
  0.320000    0.209760    0.000000
  0.320000    0.249760    0.000000
  0.320000    0.289760    0.000000
  0.320000    0.329760    0.000000
  0.320000    0.369760    0.000000
  0.320000    0.409760    0.000000
  0.320000    0.449760    0.000000
  0.320000    0.489760    0.000000
  0.320000    0.529760    0.000000
  0.320000    0.569760    0.000000
  0.320000    0.609760    0.000000
  0.320000    0.649760    0.000000
  0.320000    0.689760    0.000000
  0.320000    0.729760    0.000000
  0.320000    0.769760    0.000000
  0.320000    0.809760    0.000000
  0.320000    0.849760    0.000000
  0.320000    0.889760    0.000000
  0.340000    0.088440    0.000000
  0.340000    0.128440    0.000000
  0.340000    0.168440    0.000000
  0.340000    0.208440    0.000000
  0.340000    0.248440    0.000000
  0.340000    0.288440    0.000000
  0.340000    0.328440    0.000000
  0.340000    0.368440    0.000000
  0.340000    0.408440    0.000000
  0.340000    0.448440    0.000000
  0.340000    0.488440    0.000000
  0.340000    0.528440    0.000000
  0.340000    0.568440    0.000000
  0.340000    0.608440    0.000000
  0.340000    0.648440    0.000000
  0.340000    0.688440    0.000000
  0.340000    0.728440    0.000000
  0.340000    0.768440    0.000000
  0.340000    0.808440    0.000000
  0.340000    0.848440    0.000000
  0.340000    0.888440    0.000000
  0.360000    0.087040    0.000000
  0.360000    0.127040    0.000000
  0.360000    0.167040    0.000000
  0.360000    0.207040    0.000000
  0.360000    0.247040    0.000000
  0.360000    0.287040    0.000000
  0.360000    0.327040    0.000000
  0.360000    0.367040    0.000000
  0.360000    0.407040    0.000000
  0.360000    0.447040    0.000000
  0.360000    0.487040    0.000000
  0.360000    0.527040    0.000000
  0.360000    0.567040    0.000000
  0.360000    0.607040    0.000000
  0.360000    0.647040    0.000000
  0.360000    0.687040    0.000000
  0.360000    0.727040    0.000000
  0.360000    0.767040    0.000000
  0.360000    0.807040    0.000000
  0.360000    0.847040    0.000000
  0.360000    0.887040    0.000000
  0.380000    0.085560    0.000000
  0.380000    0.125560    0.000000
  0.380000    0.165560    0.000000
  0.380000    0.205560    0.000000
  0.380000    0.245560    0.000000
  0.380000    0.285560    0.000000
  0.380000    0.325560    0.000000
  0.380000    0.365560    0.000000
  0.380000    0.405560    0.000000
  0.380000    0.445560    0.000000
  0.380000    0.485560    0.000000
  0.380000    0.525560    0.000000
  0.380000    0.565560    0.000000
  0.380000    0.605560    0.000000
  0.380000    0.645560    0.000000
  0.380000    0.685560    0.000000
  0.380000    0.725560    0.000000
  0.380000    0.765560    0.000000
  0.380000    0.805560    0.000000
  0.380000    0.845560    0.000000
  0.380000    0.885560    0.000000
  0.400000    0.084000    0.000000
  0.400000    0.124000    0.000000
  0.400000    0.164000    0.000000
  0.400000    0.204000    0.000000
  0.400000    0.244000    0.000000
  0.400000    0.284000    0.000000
  0.400000    0.324000    0.000000
  0.400000    0.364000    0.000000
  0.400000    0.404000    0.000000
  0.400000    0.444000    0.000000
  0.400000    0.484000    0.000000
  0.400000    0.524000    0.000000
  0.400000    0.564000    0.000000
  0.400000    0.604000    0.000000
  0.400000    0.644000    0.000000
  0.400000    0.684000    0.000000
  0.400000    0.724000    0.000000
  0.400000    0.764000    0.000000
  0.400000    0.804000    0.000000
  0.400000    0.844000    0.000000
  0.400000    0.884000    0.000000
  0.420000    0.082360    0.000000
  0.420000    0.122360    0.000000
  0.420000    0.162360    0.000000
  0.420000    0.202360    0.000000
  0.420000    0.242360    0.000000
  0.420000    0.282360    0.000000
  0.420000    0.322360    0.000000
  0.420000    0.362360    0.000000
  0.420000    0.402360    0.000000
  0.420000    0.442360    0.000000
  0.420000    0.482360    0.000000
  0.420000    0.522360    0.000000
  0.420000    0.562360    0.000000
  0.420000    0.602360    0.000000
  0.420000    0.642360    0.000000
  0.420000    0.682360    0.000000
  0.420000    0.722360    0.000000
  0.420000    0.762360    0.000000
  0.420000    0.802360    0.000000
  0.420000    0.842360    0.000000
  0.420000    0.882360    0.000000
  0.440000    0.080640    0.000000
  0.440000    0.120640    0.000000
  0.440000    0.160640    0.000000
  0.440000    0.200640    0.000000
  0.440000    0.240640    0.000000
  0.440000    0.280640    0.000000
  0.440000    0.320640    0.000000
  0.440000    0.360640    0.000000
  0.440000    0.400640    0.000000
  0.440000    0.440640    0.000000
  0.440000    0.480640    0.000000
  0.440000    0.520640    0.000000
  0.440000    0.560640    0.000000
  0.440000    0.600640    0.000000
  0.440000    0.640640    0.000000
  0.440000    0.680640    0.000000
  0.440000    0.720640    0.000000
  0.440000    0.760640    0.000000
  0.440000    0.800640    0.000000
  0.440000    0.840640    0.000000
  0.440000    0.880640    0.000000
  0.460000    0.078840    0.000000
  0.460000    0.118840    0.000000
  0.460000    0.158840    0.000000
  0.460000    0.198840    0.000000
  0.460000    0.238840    0.000000
  0.460000    0.278840    0.000000
  0.460000    0.318840    0.000000
  0.460000    0.358840    0.000000
  0.460000    0.398840    0.000000
  0.460000    0.438840    0.000000
  0.460000    0.478840    0.000000
  0.460000    0.518840    0.000000
  0.460000    0.558840    0.000000
  0.460000    0.598840    0.000000
  0.460000    0.638840    0.000000
  0.460000    0.678840    0.000000
  0.460000    0.718840    0.000000
  0.460000    0.758840    0.000000
  0.460000    0.798840    0.000000
  0.460000    0.838840    0.000000
  0.460000    0.878840    0.000000
  0.480000    0.076960    0.000000
  0.480000    0.116960    0.000000
  0.480000    0.156960    0.000000
  0.480000    0.196960    0.000000
  0.480000    0.236960    0.000000
  0.480000    0.276960    0.000000
  0.480000    0.316960    0.000000
  0.480000    0.356960    0.000000
  0.480000    0.396960    0.000000
  0.480000    0.436960    0.000000
  0.480000    0.476960    0.000000
  0.480000    0.516960    0.000000
  0.480000    0.556960    0.000000
  0.480000    0.596960    0.000000
  0.480000    0.636960    0.000000
  0.480000    0.676960    0.000000
  0.480000    0.716960    0.000000
  0.480000    0.756960    0.000000
  0.480000    0.796960    0.000000
  0.480000    0.836960    0.000000
  0.480000    0.876960    0.000000
  0.500000    0.075000    0.000000
  0.500000    0.115000    0.000000
  0.500000    0.155000    0.000000
  0.500000    0.195000    0.000000
  0.500000    0.235000    0.000000
  0.500000    0.275000    0.000000
  0.500000    0.315000    0.000000
  0.500000    0.355000    0.000000
  0.500000    0.395000    0.000000
  0.500000    0.435000    0.000000
  0.500000    0.475000    0.000000
  0.500000    0.515000    0.000000
  0.500000    0.555000    0.000000
  0.500000    0.595000    0.000000
  0.500000    0.635000    0.000000
  0.500000    0.675000    0.000000
  0.500000    0.715000    0.000000
  0.500000    0.755000    0.000000
  0.500000    0.795000    0.000000
  0.500000    0.835000    0.000000
  0.500000    0.875000    0.000000
  0.520000    0.072960    0.000000
  0.520000    0.112960    0.000000
  0.520000    0.152960    0.000000
  0.520000    0.192960    0.000000
  0.520000    0.232960    0.000000
  0.520000    0.272960    0.000000
  0.520000    0.312960    0.000000
  0.520000    0.352960    0.000000
  0.520000    0.392960    0.000000
  0.520000    0.432960    0.000000
  0.520000    0.472960    0.000000
  0.520000    0.512960    0.000000
  0.520000    0.552960    0.000000
  0.520000    0.592960    0.000000
  0.520000    0.632960    0.000000
  0.520000    0.672960    0.000000
  0.520000    0.712960    0.000000
  0.520000    0.752960    0.000000
  0.520000    0.792960    0.000000
  0.520000    0.832960    0.000000
  0.520000    0.872960    0.000000
  0.540000    0.070840    0.000000
  0.540000    0.110840    0.000000
  0.540000    0.150840    0.000000
  0.540000    0.190840    0.000000
  0.540000    0.230840    0.000000
  0.540000    0.270840    0.000000
  0.540000    0.310840    0.000000
  0.540000    0.350840    0.000000
  0.540000    0.390840    0.000000
  0.540000    0.430840    0.000000
  0.540000    0.470840    0.000000
  0.540000    0.510840    0.000000
  0.540000    0.550840    0.000000
  0.540000    0.590840    0.000000
  0.540000    0.630840    0.000000
  0.540000    0.670840    0.000000
  0.540000    0.710840    0.000000
  0.540000    0.750840    0.000000
  0.540000    0.790840    0.000000
  0.540000    0.830840    0.000000
  0.540000    0.870840    0.000000
  0.560000    0.068640    0.000000
  0.560000    0.108640    0.000000
  0.560000    0.148640    0.000000
  0.560000    0.188640    0.000000
  0.560000    0.228640    0.000000
  0.560000    0.268640    0.000000
  0.560000    0.308640    0.000000
  0.560000    0.348640    0.000000
  0.560000    0.388640    0.000000
  0.560000    0.428640    0.000000
  0.560000    0.468640    0.000000
  0.560000    0.508640    0.000000
  0.560000    0.548640    0.000000
  0.560000    0.588640    0.000000
  0.560000    0.628640    0.000000
  0.560000    0.668640    0.000000
  0.560000    0.708640    0.000000
  0.560000    0.748640    0.000000
  0.560000    0.788640    0.000000
  0.560000    0.828640    0.000000
  0.560000    0.868640    0.000000
  0.580000    0.066360    0.000000
  0.580000    0.106360    0.000000
  0.580000    0.146360    0.000000
  0.580000    0.186360    0.000000
  0.580000    0.226360    0.000000
  0.580000    0.266360    0.000000
  0.580000    0.306360    0.000000
  0.580000    0.346360    0.000000
  0.580000    0.386360    0.000000
  0.580000    0.426360    0.000000
  0.580000    0.466360    0.000000
  0.580000    0.506360    0.000000
  0.580000    0.546360    0.000000
  0.580000    0.586360    0.000000
  0.580000    0.626360    0.000000
  0.580000    0.666360    0.000000
  0.580000    0.706360    0.000000
  0.580000    0.746360    0.000000
  0.580000    0.786360    0.000000
  0.580000    0.826360    0.000000
  0.580000    0.866360    0.000000
  0.600000    0.064000    0.000000
  0.600000    0.104000    0.000000
  0.600000    0.144000    0.000000
  0.600000    0.184000    0.000000
  0.600000    0.224000    0.000000
  0.600000    0.264000    0.000000
  0.600000    0.304000    0.000000
  0.600000    0.344000    0.000000
  0.600000    0.384000    0.000000
  0.600000    0.424000    0.000000
  0.600000    0.464000    0.000000
  0.600000    0.504000    0.000000
  0.600000    0.544000    0.000000
  0.600000    0.584000    0.000000
  0.600000    0.624000    0.000000
  0.600000    0.664000    0.000000
  0.600000    0.704000    0.000000
  0.600000    0.744000    0.000000
  0.600000    0.784000    0.000000
  0.600000    0.824000    0.000000
  0.600000    0.864000    0.000000
  0.620000    0.061560    0.000000
  0.620000    0.101560    0.000000
  0.620000    0.141560    0.000000
  0.620000    0.181560    0.000000
  0.620000    0.221560    0.000000
  0.620000    0.261560    0.000000
  0.620000    0.301560    0.000000
  0.620000    0.341560    0.000000
  0.620000    0.381560    0.000000
  0.620000    0.421560    0.000000
  0.620000    0.461560    0.000000
  0.620000    0.501560    0.000000
  0.620000    0.541560    0.000000
  0.620000    0.581560    0.000000
  0.620000    0.621560    0.000000
  0.620000    0.661560    0.000000
  0.620000    0.701560    0.000000
  0.620000    0.741560    0.000000
  0.620000    0.781560    0.000000
  0.620000    0.821560    0.000000
  0.620000    0.861560    0.000000
  0.640000    0.059040    0.000000
  0.640000    0.099040    0.000000
  0.640000    0.139040    0.000000
  0.640000    0.179040    0.000000
  0.640000    0.219040    0.000000
  0.640000    0.259040    0.000000
  0.640000    0.299040    0.000000
  0.640000    0.339040    0.000000
  0.640000    0.379040    0.000000
  0.640000    0.419040    0.000000
  0.640000    0.459040    0.000000
  0.640000    0.499040    0.000000
  0.640000    0.539040    0.000000
  0.640000    0.579040    0.000000
  0.640000    0.619040    0.000000
  0.640000    0.659040    0.000000
  0.640000    0.699040    0.000000
  0.640000    0.739040    0.000000
  0.640000    0.779040    0.000000
  0.640000    0.819040    0.000000
  0.640000    0.859040    0.000000
  0.660000    0.056440    0.000000
  0.660000    0.096440    0.000000
  0.660000    0.136440    0.000000
  0.660000    0.176440    0.000000
  0.660000    0.216440    0.000000
  0.660000    0.256440    0.000000
  0.660000    0.296440    0.000000
  0.660000    0.336440    0.000000
  0.660000    0.376440    0.000000
  0.660000    0.416440    0.000000
  0.660000    0.456440    0.000000
  0.660000    0.496440    0.000000
  0.660000    0.536440    0.000000
  0.660000    0.576440    0.000000
  0.660000    0.616440    0.000000
  0.660000    0.656440    0.000000
  0.660000    0.696440    0.000000
  0.660000    0.736440    0.000000
  0.660000    0.776440    0.000000
  0.660000    0.816440    0.000000
  0.660000    0.856440    0.000000
  0.680000    0.053760    0.000000
  0.680000    0.093760    0.000000
  0.680000    0.133760    0.000000
  0.680000    0.173760    0.000000
  0.680000    0.213760    0.000000
  0.680000    0.253760    0.000000
  0.680000    0.293760    0.000000
  0.680000    0.333760    0.000000
  0.680000    0.373760    0.000000
  0.680000    0.413760    0.000000
  0.680000    0.453760    0.000000
  0.680000    0.493760    0.000000
  0.680000    0.533760    0.000000
  0.680000    0.573760    0.000000
  0.680000    0.613760    0.000000
  0.680000    0.653760    0.000000
  0.680000    0.693760    0.000000
  0.680000    0.733760    0.000000
  0.680000    0.773760    0.000000
  0.680000    0.813760    0.000000
  0.680000    0.853760    0.000000
  0.700000    0.051000    0.000000
  0.700000    0.091000    0.000000
  0.700000    0.131000    0.000000
  0.700000    0.171000    0.000000
  0.700000    0.211000    0.000000
  0.700000    0.251000    0.000000
  0.700000    0.291000    0.000000
  0.700000    0.331000    0.000000
  0.700000    0.371000    0.000000
  0.700000    0.411000    0.000000
  0.700000    0.451000    0.000000
  0.700000    0.491000    0.000000
  0.700000    0.531000    0.000000
  0.700000    0.571000    0.000000
  0.700000    0.611000    0.000000
  0.700000    0.651000    0.000000
  0.700000    0.691000    0.000000
  0.700000    0.731000    0.000000
  0.700000    0.771000    0.000000
  0.700000    0.811000    0.000000
  0.700000    0.851000    0.000000
  0.720000    0.048160    0.000000
  0.720000    0.088160    0.000000
  0.720000    0.128160    0.000000
  0.720000    0.168160    0.000000
  0.720000    0.208160    0.000000
  0.720000    0.248160    0.000000
  0.720000    0.288160    0.000000
  0.720000    0.328160    0.000000
  0.720000    0.368160    0.000000
  0.720000    0.408160    0.000000
  0.720000    0.448160    0.000000
  0.720000    0.488160    0.000000
  0.720000    0.528160    0.000000
  0.720000    0.568160    0.000000
  0.720000    0.608160    0.000000
  0.720000    0.648160    0.000000
  0.720000    0.688160    0.000000
  0.720000    0.728160    0.000000
  0.720000    0.768160    0.000000
  0.720000    0.808160    0.000000
  0.720000    0.848160    0.000000
  0.740000    0.045240    0.000000
  0.740000    0.085240    0.000000
  0.740000    0.125240    0.000000
  0.740000    0.165240    0.000000
  0.740000    0.205240    0.000000
  0.740000    0.245240    0.000000
  0.740000    0.285240    0.000000
  0.740000    0.325240    0.000000
  0.740000    0.365240    0.000000
  0.740000    0.405240    0.000000
  0.740000    0.445240    0.000000
  0.740000    0.485240    0.000000
  0.740000    0.525240    0.000000
  0.740000    0.565240    0.000000
  0.740000    0.605240    0.000000
  0.740000    0.645240    0.000000
  0.740000    0.685240    0.000000
  0.740000    0.725240    0.000000
  0.740000    0.765240    0.000000
  0.740000    0.805240    0.000000
  0.740000    0.845240    0.000000
  0.760000    0.042240    0.000000
  0.760000    0.082240    0.000000
  0.760000    0.122240    0.000000
  0.760000    0.162240    0.000000
  0.760000    0.202240    0.000000
  0.760000    0.242240    0.000000
  0.760000    0.282240    0.000000
  0.760000    0.322240    0.000000
  0.760000    0.362240    0.000000
  0.760000    0.402240    0.000000
  0.760000    0.442240    0.000000
  0.760000    0.482240    0.000000
  0.760000    0.522240    0.000000
  0.760000    0.562240    0.000000
  0.760000    0.602240    0.000000
  0.760000    0.642240    0.000000
  0.760000    0.682240    0.000000
  0.760000    0.722240    0.000000
  0.760000    0.762240    0.000000
  0.760000    0.802240    0.000000
  0.760000    0.842240    0.000000
  0.780000    0.039160    0.000000
  0.780000    0.079160    0.000000
  0.780000    0.119160    0.000000
  0.780000    0.159160    0.000000
  0.780000    0.199160    0.000000
  0.780000    0.239160    0.000000
  0.780000    0.279160    0.000000
  0.780000    0.319160    0.000000
  0.780000    0.359160    0.000000
  0.780000    0.399160    0.000000
  0.780000    0.439160    0.000000
  0.780000    0.479160    0.000000
  0.780000    0.519160    0.000000
  0.780000    0.559160    0.000000
  0.780000    0.599160    0.000000
  0.780000    0.639160    0.000000
  0.780000    0.679160    0.000000
  0.780000    0.719160    0.000000
  0.780000    0.759160    0.000000
  0.780000    0.799160    0.000000
  0.780000    0.839160    0.000000
  0.800000    0.036000    0.000000
  0.800000    0.076000    0.000000
  0.800000    0.116000    0.000000
  0.800000    0.156000    0.000000
  0.800000    0.196000    0.000000
  0.800000    0.236000    0.000000
  0.800000    0.276000    0.000000
  0.800000    0.316000    0.000000
  0.800000    0.356000    0.000000
  0.800000    0.396000    0.000000
  0.800000    0.436000    0.000000
  0.800000    0.476000    0.000000
  0.800000    0.516000    0.000000
  0.800000    0.556000    0.000000
  0.800000    0.596000    0.000000
  0.800000    0.636000    0.000000
  0.800000    0.676000    0.000000
  0.800000    0.716000    0.000000
  0.800000    0.756000    0.000000
  0.800000    0.796000    0.000000
  0.800000    0.836000    0.000000
  0.820000    0.032760    0.000000
  0.820000    0.072760    0.000000
  0.820000    0.112760    0.000000
  0.820000    0.152760    0.000000
  0.820000    0.192760    0.000000
  0.820000    0.232760    0.000000
  0.820000    0.272760    0.000000
  0.820000    0.312760    0.000000
  0.820000    0.352760    0.000000
  0.820000    0.392760    0.000000
  0.820000    0.432760    0.000000
  0.820000    0.472760    0.000000
  0.820000    0.512760    0.000000
  0.820000    0.552760    0.000000
  0.820000    0.592760    0.000000
  0.820000    0.632760    0.000000
  0.820000    0.672760    0.000000
  0.820000    0.712760    0.000000
  0.820000    0.752760    0.000000
  0.820000    0.792760    0.000000
  0.820000    0.832760    0.000000
  0.840000    0.029440    0.000000
  0.840000    0.069440    0.000000
  0.840000    0.109440    0.000000
  0.840000    0.149440    0.000000
  0.840000    0.189440    0.000000
  0.840000    0.229440    0.000000
  0.840000    0.269440    0.000000
  0.840000    0.309440    0.000000
  0.840000    0.349440    0.000000
  0.840000    0.389440    0.000000
  0.840000    0.429440    0.000000
  0.840000    0.469440    0.000000
  0.840000    0.509440    0.000000
  0.840000    0.549440    0.000000
  0.840000    0.589440    0.000000
  0.840000    0.629440    0.000000
  0.840000    0.669440    0.000000
  0.840000    0.709440    0.000000
  0.840000    0.749440    0.000000
  0.840000    0.789440    0.000000
  0.840000    0.829440    0.000000
  0.860000    0.026040    0.000000
  0.860000    0.066040    0.000000
  0.860000    0.106040    0.000000
  0.860000    0.146040    0.000000
  0.860000    0.186040    0.000000
  0.860000    0.226040    0.000000
  0.860000    0.266040    0.000000
  0.860000    0.306040    0.000000
  0.860000    0.346040    0.000000
  0.860000    0.386040    0.000000
  0.860000    0.426040    0.000000
  0.860000    0.466040    0.000000
  0.860000    0.506040    0.000000
  0.860000    0.546040    0.000000
  0.860000    0.586040    0.000000
  0.860000    0.626040    0.000000
  0.860000    0.666040    0.000000
  0.860000    0.706040    0.000000
  0.860000    0.746040    0.000000
  0.860000    0.786040    0.000000
  0.860000    0.826040    0.000000
  0.880000    0.022560    0.000000
  0.880000    0.062560    0.000000
  0.880000    0.102560    0.000000
  0.880000    0.142560    0.000000
  0.880000    0.182560    0.000000
  0.880000    0.222560    0.000000
  0.880000    0.262560    0.000000
  0.880000    0.302560    0.000000
  0.880000    0.342560    0.000000
  0.880000    0.382560    0.000000
  0.880000    0.422560    0.000000
  0.880000    0.462560    0.000000
  0.880000    0.502560    0.000000
  0.880000    0.542560    0.000000
  0.880000    0.582560    0.000000
  0.880000    0.622560    0.000000
  0.880000    0.662560    0.000000
  0.880000    0.702560    0.000000
  0.880000    0.742560    0.000000
  0.880000    0.782560    0.000000
  0.880000    0.822560    0.000000
  0.900000    0.019000    0.000000
  0.900000    0.059000    0.000000
  0.900000    0.099000    0.000000
  0.900000    0.139000    0.000000
  0.900000    0.179000    0.000000
  0.900000    0.219000    0.000000
  0.900000    0.259000    0.000000
  0.900000    0.299000    0.000000
  0.900000    0.339000    0.000000
  0.900000    0.379000    0.000000
  0.900000    0.419000    0.000000
  0.900000    0.459000    0.000000
  0.900000    0.499000    0.000000
  0.900000    0.539000    0.000000
  0.900000    0.579000    0.000000
  0.900000    0.619000    0.000000
  0.900000    0.659000    0.000000
  0.900000    0.699000    0.000000
  0.900000    0.739000    0.000000
  0.900000    0.779000    0.000000
  0.900000    0.819000    0.000000
  0.920000    0.015360    0.000000
  0.920000    0.055360    0.000000
  0.920000    0.095360    0.000000
  0.920000    0.135360    0.000000
  0.920000    0.175360    0.000000
  0.920000    0.215360    0.000000
  0.920000    0.255360    0.000000
  0.920000    0.295360    0.000000
  0.920000    0.335360    0.000000
  0.920000    0.375360    0.000000
  0.920000    0.415360    0.000000
  0.920000    0.455360    0.000000
  0.920000    0.495360    0.000000
  0.920000    0.535360    0.000000
  0.920000    0.575360    0.000000
  0.920000    0.615360    0.000000
  0.920000    0.655360    0.000000
  0.920000    0.695360    0.000000
  0.920000    0.735360    0.000000
  0.920000    0.775360    0.000000
  0.920000    0.815360    0.000000
  0.940000    0.011640    0.000000
  0.940000    0.051640    0.000000
  0.940000    0.091640    0.000000
  0.940000    0.131640    0.000000
  0.940000    0.171640    0.000000
  0.940000    0.211640    0.000000
  0.940000    0.251640    0.000000
  0.940000    0.291640    0.000000
  0.940000    0.331640    0.000000
  0.940000    0.371640    0.000000
  0.940000    0.411640    0.000000
  0.940000    0.451640    0.000000
  0.940000    0.491640    0.000000
  0.940000    0.531640    0.000000
  0.940000    0.571640    0.000000
  0.940000    0.611640    0.000000
  0.940000    0.651640    0.000000
  0.940000    0.691640    0.000000
  0.940000    0.731640    0.000000
  0.940000    0.771640    0.000000
  0.940000    0.811640    0.000000
  0.960000    0.007840    0.000000
  0.960000    0.047840    0.000000
  0.960000    0.087840    0.000000
  0.960000    0.127840    0.000000
  0.960000    0.167840    0.000000
  0.960000    0.207840    0.000000
  0.960000    0.247840    0.000000
  0.960000    0.287840    0.000000
  0.960000    0.327840    0.000000
  0.960000    0.367840    0.000000
  0.960000    0.407840    0.000000
  0.960000    0.447840    0.000000
  0.960000    0.487840    0.000000
  0.960000    0.527840    0.000000
  0.960000    0.567840    0.000000
  0.960000    0.607840    0.000000
  0.960000    0.647840    0.000000
  0.960000    0.687840    0.000000
  0.960000    0.727840    0.000000
  0.960000    0.767840    0.000000
  0.960000    0.807840    0.000000
  0.980000    0.003960    0.000000
  0.980000    0.043960    0.000000
  0.980000    0.083960    0.000000
  0.980000    0.123960    0.000000
  0.980000    0.163960    0.000000
  0.980000    0.203960    0.000000
  0.980000    0.243960    0.000000
  0.980000    0.283960    0.000000
  0.980000    0.323960    0.000000
  0.980000    0.363960    0.000000
  0.980000    0.403960    0.000000
  0.980000    0.443960    0.000000
  0.980000    0.483960    0.000000
  0.980000    0.523960    0.000000
  0.980000    0.563960    0.000000
  0.980000    0.603960    0.000000
  0.980000    0.643960    0.000000
  0.980000    0.683960    0.000000
  0.980000    0.723960    0.000000
  0.980000    0.763960    0.000000
  0.980000    0.803960    0.000000
  1.000000    0.000000    0.000000
  1.000000    0.040000    0.000000
  1.000000    0.080000    0.000000
  1.000000    0.120000    0.000000
  1.000000    0.160000    0.000000
  1.000000    0.200000    0.000000
  1.000000    0.240000    0.000000
  1.000000    0.280000    0.000000
  1.000000    0.320000    0.000000
  1.000000    0.360000    0.000000
  1.000000    0.400000    0.000000
  1.000000    0.440000    0.000000
  1.000000    0.480000    0.000000
  1.000000    0.520000    0.000000
  1.000000    0.560000    0.000000
  1.000000    0.600000    0.000000
  1.000000    0.640000    0.000000
  1.000000    0.680000    0.000000
  1.000000    0.720000    0.000000
  1.000000    0.760000    0.000000
  1.000000    0.800000    0.000000
  1.020000    0.000000    0.000000
  1.020000    0.040000    0.000000
  1.020000    0.080000    0.000000
  1.020000    0.120000    0.000000
  1.020000    0.160000    0.000000
  1.020000    0.200000    0.000000
  1.020000    0.240000    0.000000
  1.020000    0.280000    0.000000
  1.020000    0.320000    0.000000
  1.020000    0.360000    0.000000
  1.020000    0.400000    0.000000
  1.020000    0.440000    0.000000
  1.020000    0.480000    0.000000
  1.020000    0.520000    0.000000
  1.020000    0.560000    0.000000
  1.020000    0.600000    0.000000
  1.020000    0.640000    0.000000
  1.020000    0.680000    0.000000
  1.020000    0.720000    0.000000
  1.020000    0.760000    0.000000
  1.020000    0.800000    0.000000
  1.040000    0.000000    0.000000
  1.040000    0.040000    0.000000
  1.040000    0.080000    0.000000
  1.040000    0.120000    0.000000
  1.040000    0.160000    0.000000
  1.040000    0.200000    0.000000
  1.040000    0.240000    0.000000
  1.040000    0.280000    0.000000
  1.040000    0.320000    0.000000
  1.040000    0.360000    0.000000
  1.040000    0.400000    0.000000
  1.040000    0.440000    0.000000
  1.040000    0.480000    0.000000
  1.040000    0.520000    0.000000
  1.040000    0.560000    0.000000
  1.040000    0.600000    0.000000
  1.040000    0.640000    0.000000
  1.040000    0.680000    0.000000
  1.040000    0.720000    0.000000
  1.040000    0.760000    0.000000
  1.040000    0.800000    0.000000
  1.060000    0.000000    0.000000
  1.060000    0.040000    0.000000
  1.060000    0.080000    0.000000
  1.060000    0.120000    0.000000
  1.060000    0.160000    0.000000
  1.060000    0.200000    0.000000
  1.060000    0.240000    0.000000
  1.060000    0.280000    0.000000
  1.060000    0.320000    0.000000
  1.060000    0.360000    0.000000
  1.060000    0.400000    0.000000
  1.060000    0.440000    0.000000
  1.060000    0.480000    0.000000
  1.060000    0.520000    0.000000
  1.060000    0.560000    0.000000
  1.060000    0.600000    0.000000
  1.060000    0.640000    0.000000
  1.060000    0.680000    0.000000
  1.060000    0.720000    0.000000
  1.060000    0.760000    0.000000
  1.060000    0.800000    0.000000
  1.080000    0.000000    0.000000
  1.080000    0.040000    0.000000
  1.080000    0.080000    0.000000
  1.080000    0.120000    0.000000
  1.080000    0.160000    0.000000
  1.080000    0.200000    0.000000
  1.080000    0.240000    0.000000
  1.080000    0.280000    0.000000
  1.080000    0.320000    0.000000
  1.080000    0.360000    0.000000
  1.080000    0.400000    0.000000
  1.080000    0.440000    0.000000
  1.080000    0.480000    0.000000
  1.080000    0.520000    0.000000
  1.080000    0.560000    0.000000
  1.080000    0.600000    0.000000
  1.080000    0.640000    0.000000
  1.080000    0.680000    0.000000
  1.080000    0.720000    0.000000
  1.080000    0.760000    0.000000
  1.080000    0.800000    0.000000
  1.100000    0.000000    0.000000
  1.100000    0.040000    0.000000
  1.100000    0.080000    0.000000
  1.100000    0.120000    0.000000
  1.100000    0.160000    0.000000
  1.100000    0.200000    0.000000
  1.100000    0.240000    0.000000
  1.100000    0.280000    0.000000
  1.100000    0.320000    0.000000
  1.100000    0.360000    0.000000
  1.100000    0.400000    0.000000
  1.100000    0.440000    0.000000
  1.100000    0.480000    0.000000
  1.100000    0.520000    0.000000
  1.100000    0.560000    0.000000
  1.100000    0.600000    0.000000
  1.100000    0.640000    0.000000
  1.100000    0.680000    0.000000
  1.100000    0.720000    0.000000
  1.100000    0.760000    0.000000
  1.100000    0.800000    0.000000
  1.120000    0.000000    0.000000
  1.120000    0.040000    0.000000
  1.120000    0.080000    0.000000
  1.120000    0.120000    0.000000
  1.120000    0.160000    0.000000
  1.120000    0.200000    0.000000
  1.120000    0.240000    0.000000
  1.120000    0.280000    0.000000
  1.120000    0.320000    0.000000
  1.120000    0.360000    0.000000
  1.120000    0.400000    0.000000
  1.120000    0.440000    0.000000
  1.120000    0.480000    0.000000
  1.120000    0.520000    0.000000
  1.120000    0.560000    0.000000
  1.120000    0.600000    0.000000
  1.120000    0.640000    0.000000
  1.120000    0.680000    0.000000
  1.120000    0.720000    0.000000
  1.120000    0.760000    0.000000
  1.120000    0.800000    0.000000
